  2.415643976722771E+021
  2.487833925576805E+021
  2.612084657122813E+021
  2.587694233874950E+021
  2.354494210092759E+021
  2.297957276222694E+021
  2.443068016190735E+021
  2.508566156258252E+021
  2.698798100341151E+021
  2.795541553926531E+021
  2.719731077028298E+021
  2.541976737548793E+021
  2.338280432848691E+021
  2.220853525879436E+021
  2.261423910461214E+021
  2.435359466939584E+021
  2.380875370828682E+021
  2.567932383361561E+021
  2.856292004798481E+021
  3.076899162811301E+021
  3.093505491225049E+021
  2.874941027420414E+021
  2.766086859923326E+021
  2.492624356051211E+021
  2.303123995004536E+021
  2.188282481803525E+021
  2.126056473702712E+021
  2.216859323472813E+021
  2.322003605179169E+021
  2.312484783685951E+021
  2.527702998840921E+021
  2.743954944864093E+021
  3.136883134531076E+021
  3.435469348348763E+021
  3.488805481125526E+021
  3.433524214241017E+021
  3.164649079738899E+021
  2.916517174924452E+021
  2.696586047755885E+021
  2.501450565684406E+021
  2.284689146265929E+021
  2.170391897888949E+021
  2.133750146495660E+021
  2.106226562208759E+021
  2.163291836966444E+021
  2.216865756679804E+021
  2.256686729491455E+021
  2.353100730599441E+021
  2.663526577184316E+021
  2.870288886662038E+021
  3.248604038656955E+021
  3.626094337393794E+021
  4.176009005287259E+021
  4.088693550263214E+021
  3.761808724470523E+021
  3.467730614402893E+021
  3.224593760542298E+021
  3.073677085470838E+021
  2.853441345989880E+021
  2.473977601721673E+021
  2.236314613137940E+021
  2.160107577906060E+021
  2.116950788511532E+021
  2.144876786585853E+021
  2.120267984998548E+021
  2.134571809122594E+021
  2.164763862757801E+021
  2.186952980685730E+021
  2.298066077152624E+021
  2.529294849036687E+021
  2.627227680442360E+021
  2.853007833213935E+021
  3.337830702715419E+021
  3.848565421671936E+021
  4.580769841410702E+021
  4.825946272622167E+021
  4.746390463140603E+021
  4.396476474011042E+021
  4.092370436085830E+021
  3.750085259886349E+021
  3.563066860037589E+021
  3.549774393276967E+021
  3.218131913004888E+021
  2.489231804568137E+021
  2.187248022955270E+021
  2.114578323292440E+021
  2.057908960353494E+021
  2.139536977001805E+021
  2.126562511701875E+021
  2.145988263886672E+021
  2.182091417729521E+021
  2.177371291544976E+021
  2.216359593000821E+021
  2.270918976949640E+021
  2.493280977194654E+021
  2.563331312350733E+021
  2.703443061651916E+021
  3.110067100152760E+021
  3.677865172952376E+021
  3.948296620364078E+021
  4.989759663246762E+021
  6.210749683587630E+021
  5.905607567988846E+021
  5.681643409189870E+021
  5.635302532179324E+021
  5.125675251866301E+021
  4.354862294644778E+021
  3.896572147843496E+021
  3.720902025292025E+021
  3.992340852929475E+021
  3.490900757556492E+021
  2.515515011492535E+021
  2.089703926628912E+021
  2.030715032996905E+021
  2.027978029940151E+021
  2.076829859927778E+021
  2.144343012203250E+021
  2.263682070805249E+021
  2.264268548730155E+021
  2.236228474052274E+021
  2.307088672462454E+021
  2.238924437836839E+021
  2.252788947268698E+021
  2.404510607626118E+021
  2.496742596254820E+021
  2.588233959914113E+021
  2.902867547698560E+021
  3.231623321104434E+021
  3.749872392584519E+021
  4.261968921156879E+021
  4.939407276854960E+021
  8.676801654454598E+021
  8.022048050960438E+021
  6.921539079672467E+021
  7.179855451412034E+021
  7.283442476526815E+021
  6.423685564485351E+021
  4.997135469593285E+021
  4.015344969415770E+021
  3.585307316446206E+021
  3.689422102843314E+021
  3.857392154642570E+021
  3.369509602302395E+021
  2.484114566563079E+021
  2.017724399984524E+021
  1.943660992321128E+021
  1.955720768089554E+021
  1.959257657621981E+021
  2.094233878446976E+021
  2.219821489559629E+021
  2.813651577108817E+021
  2.301925681615850E+021
  2.369496202493842E+021
  2.346893457771040E+021
  2.251147779841885E+021
  2.254380645535745E+021
  2.391114746768793E+021
  2.502323562733739E+021
  2.622207275748233E+021
  2.756464969033576E+021
  2.979714899960136E+021
  3.160574878197295E+021
  4.434781397367172E+021
  4.485393620684775E+021
  5.149439725314522E+021
  7.967056404871976E+021
  1.225209558039891E+022
  9.609531813464522E+021
  8.877714701860583E+021
  8.650151874483517E+021
  8.899823595382649E+021
  7.151894706354415E+021
  5.739070561308212E+021
  4.378271682994028E+021
  3.664313966749118E+021
  3.334623391707598E+021
  3.314573735025836E+021
  3.395522788178632E+021
  2.975012498785560E+021
  2.355742557143314E+021
  1.951788545521120E+021
  1.931204795081000E+021
  1.928787221960119E+021
  1.915455867490817E+021
  1.972285896207991E+021
  2.119184334610904E+021
  2.275921813134773E+021
  2.418355286891291E+021
  2.286367325964778E+021
  2.312169078473725E+021
  2.231152256372097E+021
  2.238590535435400E+021
  2.221045317536632E+021
  2.310268799846504E+021
  2.552190727426590E+021
  2.610841741693550E+021
  2.771468441228023E+021
  2.884871870015209E+021
  3.035621107249853E+021
  3.357391939910914E+021
  3.670888633511389E+021
  4.351436441722548E+021
  5.543178129445287E+021
  7.175501300129714E+021
  9.204702468853642E+021
  1.254749406691172E+022
  1.518618482747661E+022
  1.031157107721975E+022
  1.078817998376237E+022
  1.191230934579316E+022
  8.468875604796650E+021
  7.621687342704502E+021
  4.951821039561648E+021
  4.052805702527585E+021
  3.360598907314029E+021
  2.992260498683186E+021
  3.063945259088695E+021
  3.019693839056760E+021
  2.583600433671321E+021
  2.160539598222339E+021
  1.948404997495202E+021
  1.925477720960578E+021
  1.921220007259979E+021
  1.905770365695774E+021
  1.946114708789652E+021
  2.028596274684921E+021
  2.153827653788897E+021
  2.263978985412757E+021
  2.392763740798030E+021
  2.351290974909148E+021
  2.417497617985311E+021
  2.323881623456789E+021
  2.261883717741903E+021
  2.194504190235374E+021
  2.254283549774571E+021
  2.472158698363652E+021
  2.633890809930237E+021
  2.758482953957358E+021
  2.825743124956724E+021
  3.173421080412119E+021
  3.361717006769311E+021
  3.440006162398301E+021
  3.656317699209831E+021
  4.197137111186597E+021
  7.278965616768629E+021
  8.967849081939950E+021
  8.598998317071555E+021
  1.084541497092303E+022
  2.563318864316290E+022
  1.419625338942236E+022
  1.208837494535054E+022
  1.484059387971538E+022
  1.362802944402599E+022
  1.013130266138282E+022
  9.875070153875694E+021
  5.713175543879978E+021
  4.583455600289747E+021
  3.710055511596356E+021
  3.080574487889198E+021
  2.921899795431397E+021
  2.975468032604563E+021
  2.749442648928219E+021
  2.303979230669906E+021
  2.050748088535911E+021
  1.894162340020704E+021
  1.918175021425331E+021
  1.918219597542351E+021
  1.882180745531545E+021
  1.909711051065540E+021
  1.979108056250221E+021
  2.082859226455470E+021
  2.185133388432842E+021
  2.317443040392194E+021
  2.771061545996851E+021
  2.465117717170452E+021
  2.542686807905036E+021
  2.484511597751502E+021
  2.284072465987532E+021
  2.233583062762662E+021
  2.296685683940700E+021
  2.424112330944715E+021
  2.593858038920044E+021
  2.863808036323250E+021
  2.830045222232617E+021
  2.882666117348795E+021
  3.257988007128683E+021
  3.300234125374430E+021
  3.632298432734152E+021
  3.782348441865565E+021
  4.841481628360460E+021
  7.829406052980482E+021
  9.306371599816168E+021
  1.433226952738428E+022
  9.157657069907870E+021
  1.072167679983397E+022
  1.065502617836092E+022
  1.251434635375752E+022
  1.268135277452390E+022
  1.545783982274063E+022
  1.780235631925098E+022
  1.304157779316334E+022
  1.080833576448788E+022
  6.566842813347077E+021
  5.213987012958688E+021
  4.269014089206956E+021
  3.497613015832927E+021
  3.101635723253705E+021
  2.895977767765723E+021
  2.795330075166617E+021
  2.464217128345353E+021
  2.123765087126485E+021
  1.994115507081946E+021
  1.856101592571742E+021
  1.942247775463250E+021
  1.915747392936740E+021
  1.895382961343351E+021
  1.900570981546375E+021
  1.960451407183449E+021
  2.047991139731150E+021
  2.117652408001885E+021
  2.219728989698107E+021
  2.398401833501656E+021
  2.834578915402146E+021
  2.586964310318167E+021
  2.811652904625230E+021
  2.660723976374245E+021
  2.355481695261241E+021
  2.293082297579614E+021
  2.336994483810952E+021
  2.412495045514589E+021
  2.531103305139404E+021
  2.937396284903601E+021
  2.835535644863841E+021
  2.954573217200167E+021
  3.131792218702492E+021
  3.318370614120981E+021
  3.659393718363201E+021
  4.204331370197470E+021
  4.610462498127212E+021
  9.746418122437303E+021
  9.245633876310108E+021
  1.005307460853867E+022
  8.685205134478360E+021
  7.629264614766832E+021
  7.420473875957915E+021
  8.945991173534874E+021
  8.741630386844375E+021
  1.000583504303659E+022
  1.289969273852840E+022
  1.404095602189905E+022
  1.406462502280786E+022
  1.251208558435630E+022
  1.381746309147319E+022
  7.702776267210512E+021
  5.708330650118765E+021
  4.631198040412008E+021
  3.796467513958524E+021
  3.179867337213435E+021
  2.867076987755839E+021
  2.745059192113469E+021
  2.487464997846565E+021
  2.237376751369637E+021
  2.011480942226522E+021
  1.915969043536371E+021
  1.863417167220782E+021
  1.908873987110725E+021
  1.920939929595809E+021
  1.884090841891641E+021
  1.940621798064982E+021
  1.968587319275933E+021
  2.038373187138756E+021
  2.113251378575969E+021
  2.185374360898113E+021
  2.327449540549031E+021
  2.524046934221174E+021
  2.787717834400007E+021
  2.779001112364304E+021
  2.893657035905625E+021
  2.565084147850378E+021
  2.417004136542860E+021
  2.415656830819290E+021
  2.420481962421025E+021
  2.477529360811053E+021
  2.808654241126784E+021
  2.923648309388822E+021
  3.243877399070896E+021
  2.951429682417537E+021
  3.654027733272411E+021
  3.399841935699972E+021
  3.460633598654048E+021
  3.695722695453092E+021
  4.552862607421248E+021
  5.336839745143738E+021
  1.692897599289126E+022
  3.149732504541477E+022
  1.372125751410178E+022
  8.509792537919982E+021
  7.690088020873678E+021
  6.744106893104401E+021
  6.836037074605009E+021
  7.341286044326443E+021
  8.179549134808432E+021
  9.384023194910182E+021
  1.317708133607362E+022
  1.473202736814537E+022
  1.616732742886621E+022
  1.379313571820158E+022
  1.164426786154274E+022
  8.752959237538878E+021
  6.580948745819770E+021
  5.252226586308525E+021
  4.338053163618349E+021
  3.583545268177003E+021
  3.035454393509683E+021
  2.763569205185568E+021
  2.492150392663115E+021
  2.223366220732808E+021
  2.070975533357540E+021
  1.952299255638305E+021
  1.881499935075271E+021
  1.841325343541598E+021
  1.840948425305063E+021
  1.891409663847577E+021
  1.885607634421372E+021
  1.957991428534670E+021
  1.993938435945688E+021
  2.056280189601807E+021
  2.104133782806131E+021
  2.152068297309286E+021
  2.280318157972699E+021
  2.591362301029634E+021
  3.084435562464587E+021
  3.834249587492390E+021
  2.889692755922957E+021
  2.773930018597573E+021
  2.592603083281828E+021
  2.479909608395167E+021
  2.508404097324711E+021
  2.511642278414808E+021
  2.584190659961201E+021
  3.098487224178657E+021
  2.988523053026840E+021
  3.071206286120330E+021
  3.103743364165505E+021
  4.406065023708810E+021
  4.753475338535660E+021
  3.499934247593981E+021
  3.547214382542889E+021
  3.934858017451737E+021
  4.812571347870889E+021
  5.957676587353368E+021
  1.220365494600874E+022
  1.805445718180844E+022
  1.203319824775130E+022
  8.284524515206086E+021
  7.208175233078908E+021
  5.823725866397733E+021
  6.102387099788183E+021
  6.190763928366568E+021
  6.864313210854551E+021
  7.972576536182276E+021
  1.022528541352466E+022
  1.859636320753097E+022
  2.236020154800638E+022
  2.545207945321252E+022
  2.296027044316517E+022
  1.422698055329058E+022
  9.535097707464747E+021
  8.146936603344359E+021
  6.198148268351537E+021
  4.926769944531661E+021
  4.051123292635898E+021
  3.412093734747420E+021
  2.960451110570002E+021
  2.598234853754487E+021
  2.295040834761350E+021
  2.104964727298923E+021
  2.000496211832213E+021
  1.915514059082091E+021
  1.853849477605043E+021
  1.813180660724639E+021
  1.848863230716897E+021
  1.865571033185903E+021
  1.863766628567671E+021
  1.915991692034939E+021
  2.008408407133864E+021
  2.071008157297316E+021
  2.118301652616641E+021
  2.135904456783982E+021
  2.296899791879900E+021
  2.501820057390151E+021
  3.106598159654097E+021
  4.407272272336071E+021
  6.326507287856879E+021
  3.072746976035867E+021
  2.846964040874885E+021
  2.742778163367631E+021
  2.567985365649472E+021
  2.601968588268493E+021
  2.585374686358263E+021
  2.597676011297888E+021
  2.794051564054982E+021
  2.790376566426325E+021
  2.691445140466968E+021
  2.941739808088397E+021
  3.415603911344320E+021
  5.506705321670474E+021
  4.195628106106354E+021
  3.649198086107277E+021
  3.967638873690284E+021
  4.495619300890393E+021
  4.790808507856754E+021
  5.349854951247044E+021
  7.120157568645021E+021
  7.627452381114519E+021
  6.846991177056143E+021
  6.215319283459010E+021
  6.355729625500579E+021
  5.529967226972892E+021
  5.177986374552283E+021
  5.434900576470534E+021
  5.962917279202985E+021
  6.801561427259053E+021
  8.622252026422376E+021
  1.504089252305372E+022
  1.842640087405514E+022
  5.150642567914367E+022
  3.548864227125595E+022
  3.356890778153655E+022
  1.747047458803543E+022
  1.050855121665766E+022
  8.754232898041885E+021
  7.484772619654427E+021
  5.972501446040781E+021
  4.812315466881481E+021
  3.892794614480370E+021
  3.341670119099279E+021
  2.815560774172215E+021
  2.472523898028245E+021
  2.227716906855456E+021
  2.071660532422750E+021
  1.950056189275748E+021
  1.859897558963546E+021
  1.834243823471125E+021
  1.828595248212948E+021
  1.852090837497025E+021
  1.847760252204777E+021
  1.856542613058448E+021
  1.881468103166255E+021
  1.964375085526132E+021
  2.096454037016942E+021
  2.184671761301488E+021
  2.154017571629322E+021
  2.226424121622093E+021
  2.402182362319306E+021
  2.831854646536006E+021
  3.491318084775388E+021
  4.781240958458752E+021
  3.582317426592484E+021
  2.982497121478106E+021
  3.046709927986990E+021
  2.711573859301684E+021
  2.818638966990175E+021
  3.002558080360521E+021
  2.689989194024351E+021
  2.733068977161378E+021
  2.781456014319167E+021
  2.754389652282300E+021
  2.863621621280779E+021
  3.200736438551743E+021
  3.356513841884483E+021
  3.824412921221361E+021
  5.060683841623177E+021
  4.282304740197538E+021
  4.028296643419011E+021
  4.345917013796228E+021
  4.843652348539455E+021
  5.936826974353458E+021
  5.502809968368415E+021
  5.276539533618812E+021
  4.842059666108342E+021
  4.816751866594883E+021
  5.127447554863902E+021
  4.816673608932632E+021
  4.908371502703419E+021
  5.562603362037250E+021
  6.257102480670966E+021
  7.169819118719256E+021
  8.866800748663537E+021
  1.166374813052610E+022
  1.731382696288386E+022
  3.233876899792628E+022
  1.957752486569282E+022
  3.174381472410986E+022
  1.586697160839246E+022
  1.045040731542905E+022
  8.280789388339027E+021
  6.971917887150479E+021
  5.812927957439838E+021
  4.689654803621789E+021
  3.780351965986720E+021
  3.138972155594888E+021
  2.727911760488774E+021
  2.390287781688933E+021
  2.119431306161509E+021
  2.015175053712126E+021
  1.946275806132050E+021
  1.865494793584128E+021
  1.844606948777500E+021
  1.850298408786687E+021
  1.876744609289587E+021
  1.919693655889838E+021
  1.948465444825993E+021
  2.034632399772681E+021
  2.281203141014894E+021
  2.286946055956275E+021
  2.194517658857333E+021
  2.252090448336309E+021
  2.399323570073213E+021
  2.986914212551065E+021
  3.252688908909067E+021
  3.542798106581089E+021
  3.136661004995030E+021
  2.952232983392373E+021
  2.825662339242566E+021
  3.031717201382738E+021
  3.892611563912272E+021
  2.935854912228908E+021
  2.854759655459773E+021
  2.829059830986319E+021
  2.946893462176601E+021
  2.954490204726970E+021
  3.171256469222993E+021
  3.915646181022132E+021
  3.934008961469720E+021
  3.861854816308837E+021
  3.812070053882555E+021
  3.805820718937298E+021
  3.828572151231607E+021
  4.061596936344725E+021
  4.725522523522942E+021
  5.239131529379231E+021
  4.933649495046568E+021
  4.810720360166017E+021
  4.569197068510891E+021
  4.753605891234927E+021
  4.606475939302434E+021
  4.686915027248749E+021
  5.250204282072922E+021
  6.194697528511560E+021
  6.598728528814983E+021
  7.902474729672425E+021
  9.020455712665792E+021
  1.385268974001234E+022
  1.416226368138229E+022
  1.492088080273191E+022
  1.539341158369443E+022
  1.769096905107533E+022
  1.410549597668576E+022
  1.047657454422043E+022
  7.701262177840092E+021
  6.385258637938989E+021
  5.745374682957260E+021
  4.479731847099734E+021
  3.706496544746471E+021
  3.066969858333587E+021
  2.608502183235889E+021
  2.303944594261512E+021
  2.087375595150077E+021
  2.007295132602479E+021
  1.948700146658660E+021
  1.861504883035922E+021
  1.859863524951931E+021
  1.865526461731499E+021
  1.896191237365437E+021
  1.979515557899424E+021
  1.982543892934621E+021
  2.026572243889039E+021
  2.140840862606200E+021
  2.404745898497772E+021
  2.301676310266148E+021
  2.187062649148581E+021
  2.203358590233907E+021
  2.384224122533252E+021
  2.712455307401260E+021
  3.069277574662150E+021
  4.562547950206860E+021
  3.114838697114452E+021
  2.876940087179063E+021
  2.919427226388913E+021
  3.270719664013169E+021
  3.240235791494434E+021
  3.198199878034031E+021
  2.947007368026460E+021
  3.013784365515704E+021
  3.343181696829639E+021
  3.659560494225684E+021
  3.344935867006873E+021
  3.358197312817609E+021
  3.629562116732457E+021
  3.209083846019280E+021
  3.474990640268733E+021
  3.732819006150499E+021
  3.989860847622948E+021
  4.683754529316077E+021
  3.999137904583905E+021
  4.174990992501938E+021
  4.817866770187368E+021
  4.317720514899496E+021
  4.163905509661288E+021
  4.289573441019230E+021
  4.352861712347615E+021
  4.938638302071438E+021
  5.885931664985383E+021
  6.820352428959388E+021
  7.384442659986461E+021
  8.009956286720724E+021
  1.051837495823205E+022
  1.357948742074578E+022
  1.232848417336236E+022
  1.241861499654725E+022
  1.366627830835920E+022
  1.608244317106316E+022
  1.262031822148765E+022
  9.449540254973978E+021
  6.771466161481581E+021
  6.212036261516851E+021
  5.235666322891533E+021
  4.336389605510415E+021
  3.650925568080374E+021
  3.110576960719744E+021
  2.567366697482267E+021
  2.272490555452331E+021
  2.077977234974099E+021
  2.019089805882575E+021
  1.923176859722132E+021
  1.882367438329528E+021
  1.909195378831812E+021
  1.934805671879682E+021
  1.993915758317351E+021
  2.012222404964738E+021
  2.036744858955496E+021
  2.203492561946262E+021
  2.412963390989929E+021
  2.229708069344087E+021
  2.178672068028933E+021
  2.228926066529931E+021
  2.403011905154645E+021
  2.717300261428604E+021
  5.231445564115536E+021
  3.908634166588467E+021
  3.169204303377690E+021
  3.082373296154774E+021
  3.276505949848126E+021
  3.678123277449980E+021
  3.182107741731218E+021
  3.017041187408011E+021
  3.083886853969037E+021
  3.244293506355516E+021
  3.870552315104877E+021
  3.551695545016027E+021
  3.333663440908165E+021
  3.544133668454668E+021
  2.943353495841425E+021
  3.148166448309732E+021
  3.482171472939350E+021
  3.753045362748408E+021
  4.365045477536928E+021
  4.170518712607113E+021
  3.800101634595604E+021
  4.094302510392270E+021
  4.013083916271522E+021
  3.667617247057299E+021
  3.766460870491920E+021
  3.877812023345706E+021
  4.339418015555975E+021
  5.448070882541351E+021
  6.683322306048731E+021
  7.260418399749264E+021
  7.565407721063761E+021
  7.701925033184944E+021
  1.073641181095606E+022
  1.105692097742247E+022
  1.056389048569836E+022
  1.157453079412697E+022
  1.303002394056357E+022
  1.278551321281302E+022
  1.285259005671345E+022
  8.617813394604026E+021
  6.277789610297774E+021
  5.674809940654040E+021
  5.002615945951863E+021
  4.252165252878227E+021
  3.757129593255209E+021
  3.068597422689768E+021
  2.473886389622958E+021
  2.261556234002282E+021
  2.087148755574610E+021
  2.038644128988249E+021
  1.909438686082525E+021
  1.926661390387302E+021
  1.924894136009066E+021
  1.911464287816484E+021
  1.953953681540536E+021
  1.979475747556222E+021
  1.974293972458897E+021
  2.040113645435859E+021
  2.215196225758963E+021
  2.281305332841134E+021
  2.177784071276262E+021
  2.162382405595118E+021
  2.272259831783765E+021
  2.460061758489249E+021
  3.012239463041954E+021
  4.692614250949810E+021
  3.303513023386743E+021
  3.321775727804921E+021
  3.378173436482197E+021
  4.918096885496305E+021
  3.662098116196333E+021
  3.292476469716811E+021
  3.429148620874432E+021
  3.416371446994996E+021
  3.650395759951616E+021
  3.943833943381835E+021
  3.360877893155833E+021
  3.048845047001946E+021
  3.000882995162478E+021
  3.016517776535937E+021
  3.203519783826645E+021
  3.520776673706223E+021
  3.605395847546702E+021
  3.722266266654911E+021
  3.649676708787547E+021
  3.752310142750280E+021
  3.634021644039440E+021
  3.477597927247921E+021
  3.378803354085733E+021
  3.467257547528915E+021
  3.692297240275396E+021
  4.518850715704652E+021
  5.807413662832899E+021
  6.602933040693642E+021
  6.871369612662127E+021
  6.714924181679315E+021
  7.361854218246040E+021
  8.534576721590816E+021
  9.929507721835069E+021
  9.909759211834018E+021
  1.117666585934519E+022
  1.113432995920128E+022
  1.045428634857824E+022
  1.257414959788870E+022
  8.093655775321757E+021
  6.103749871556192E+021
  5.337094472430816E+021
  5.140649769087903E+021
  4.357597848615630E+021
  3.636266186654582E+021
  2.878212313343875E+021
  2.418998165601907E+021
  2.200093213085720E+021
  2.112156745959897E+021
  1.961726921941550E+021
  1.964534047989896E+021
  1.927069201168365E+021
  1.919658560173091E+021
  1.981356581174976E+021
  1.992243961387280E+021
  1.970752150999654E+021
  2.056367344791890E+021
  2.169934966560745E+021
  2.176054828830009E+021
  2.178330718260739E+021
  2.183724506257964E+021
  2.325116077854342E+021
  2.478584411128575E+021
  2.909335787468301E+021
  3.121976548736113E+021
  3.164306174690311E+021
  4.043388610668037E+021
  3.785999635388183E+021
  4.521455772362911E+021
  3.577467013871054E+021
  3.429313860946945E+021
  3.859738201196533E+021
  3.893195581481260E+021
  3.905489846798772E+021
  3.816790252433326E+021
  3.134154930057766E+021
  3.122635810642010E+021
  2.864866588202778E+021
  3.271982583429065E+021
  3.567628019791614E+021
  3.360660898364327E+021
  3.349910684230740E+021
  3.456648214097771E+021
  3.484595271117902E+021
  3.535603516423604E+021
  3.358679911615173E+021
  3.187145469543790E+021
  3.167541516189443E+021
  3.294619293677201E+021
  3.649289484916656E+021
  4.657711084708478E+021
  5.496157772754150E+021
  5.880819526064786E+021
  5.880973502546456E+021
  6.026697803640122E+021
  6.925261481027519E+021
  7.642867005142158E+021
  8.386008660222799E+021
  9.564824222909975E+021
  1.034855914794066E+022
  9.191840004073139E+021
  9.390185162695318E+021
  1.076942663840169E+022
  7.644307141406571E+021
  5.871963002248641E+021
  5.154376609828295E+021
  5.301117484524638E+021
  4.409768361653281E+021
  3.398699026264782E+021
  2.754112685916045E+021
  2.391827246130790E+021
  2.127472815650760E+021
  2.055442696243032E+021
  1.967598152821168E+021
  1.966285443497196E+021
  1.959566723621211E+021
  1.943830610526348E+021
  1.949608863734944E+021
  1.995838405817066E+021
  2.016053636426286E+021
  2.011121810401568E+021
  2.070126460312338E+021
  2.127681778544472E+021
  2.172541420806665E+021
  2.185028795502671E+021
  2.263455049679103E+021
  2.358185566976451E+021
  2.509047453173451E+021
  2.817364497220988E+021
  2.825351328964346E+021
  3.001269242467575E+021
  4.120086604985654E+021
  4.166096860775402E+021
  4.041149401414806E+021
  3.739020989472257E+021
  4.344137738589945E+021
  4.894561573627102E+021
  4.946456133399308E+021
  4.395835323708287E+021
  3.423277299325837E+021
  3.162252515034949E+021
  2.923334116664104E+021
  3.022379425810673E+021
  3.300795513948596E+021
  3.178883415574394E+021
  3.146636311806473E+021
  3.475412760440430E+021
  3.569690622357695E+021
  3.399480826274830E+021
  3.312075520811859E+021
  3.130073848670378E+021
  3.043064526371170E+021
  3.175062520705005E+021
  3.109598073182883E+021
  3.589398234954396E+021
  4.142519748100152E+021
  4.728912716703334E+021
  4.914157519668352E+021
  5.171365844862791E+021
  5.729280484456142E+021
  6.361097263951475E+021
  7.226007049220178E+021
  7.984481295043239E+021
  8.961235023656776E+021
  9.063629524207280E+021
  8.812046142830209E+021
  8.845809272789649E+021
  9.833853065769026E+021
  7.202016107840809E+021
  5.725579129567323E+021
  5.026229453409213E+021
  4.606671345413953E+021
  3.852221837997677E+021
  3.222215980835823E+021
  2.691966910491298E+021
  2.394729764913816E+021
  2.153606110304063E+021
  2.039750231274069E+021
  2.043978556269311E+021
  2.021137021922061E+021
  2.051173985264465E+021
  2.002216118405646E+021
  2.008982747475924E+021
  2.038627230705475E+021
  2.040645621949956E+021
  2.095095166923160E+021
  2.145948547194033E+021
  2.224087375525867E+021
  2.222074154506065E+021
  2.282317851307728E+021
  2.345249579161051E+021
  2.579785802891977E+021
  2.677225711084291E+021
  2.718407797109391E+021
  3.114454279928683E+021
  4.310624779092797E+021
  3.993204933964811E+021
  3.903295078992696E+021
  4.137304953027288E+021
  5.826662488051217E+021
  7.665608421742350E+021
  6.925485423689001E+021
  4.255520699834514E+021
  3.398949853004053E+021
  3.146304498180546E+021
  2.811155416568523E+021
  2.957742847850786E+021
  3.124713598723751E+021
  3.086953624647614E+021
  3.544232836086467E+021
  3.713813421602630E+021
  3.229461772584571E+021
  3.189121622745507E+021
  3.037228596807949E+021
  2.974266626645153E+021
  2.973633402776717E+021
  2.936088012267296E+021
  3.025623133407604E+021
  3.370079224227452E+021
  3.933044434224684E+021
  4.328914974468956E+021
  4.456456007181806E+021
  4.998395662121339E+021
  5.495307492683641E+021
  5.982896758389821E+021
  6.625013139598084E+021
  7.565900341701503E+021
  8.513994407672992E+021
  8.865985152383393E+021
  9.283844499435683E+021
  9.449713102766704E+021
  8.802333780186083E+021
  6.651884397363970E+021
  5.799106903705496E+021
  4.724822693379226E+021
  4.163469523524032E+021
  3.417144529237401E+021
  2.927286711587743E+021
  2.605566443076514E+021
  2.327017996501921E+021
  2.169531317260325E+021
  2.075943785442932E+021
  2.182842811204670E+021
  2.239276017696649E+021
  2.565614890315498E+021
  2.275230308642670E+021
  2.085492603177864E+021
  2.027471059322139E+021
  2.017477745333239E+021
  2.095202776932448E+021
  2.199967372939039E+021
  2.191797626188490E+021
  2.209892650275585E+021
  2.258431660849226E+021
  2.241479946608041E+021
  2.371261039949471E+021
  2.523927759822210E+021
  2.547589720458704E+021
  2.693332194599025E+021
  3.347562852937538E+021
  4.488194801440372E+021
  3.820715571628828E+021
  4.116136855866350E+021
  6.955963465220811E+021
  5.705180771999470E+021
  7.901433270301355E+021
  7.418337855335493E+021
  3.954616994930164E+021
  3.313418824558747E+021
  2.947870968703587E+021
  2.820086401331019E+021
  3.149144514654152E+021
  3.131282684639591E+021
  3.106053720857842E+021
  3.831153156183191E+021
  3.128393647591999E+021
  3.000134233978412E+021
  2.978440865502196E+021
  2.977477398175426E+021
  2.930834309376223E+021
  2.869200103483201E+021
  2.811127135132704E+021
  3.034391755328545E+021
  3.344255530208219E+021
  3.783511578440584E+021
  4.193370690918403E+021
  4.414974267781752E+021
  4.842230593664371E+021
  5.220287526227165E+021
  5.590575321407897E+021
  6.279967033200174E+021
  6.991700653706297E+021
  8.188528126552126E+021
  9.543833289079210E+021
  1.057184736065152E+022
  8.429273109172994E+021
  8.060804553688628E+021
  6.249208837560702E+021
  5.620352438669019E+021
  4.487189813830434E+021
  3.820028420898497E+021
  3.145302580251992E+021
  2.765570973557039E+021
  2.507198215686951E+021
  2.289754728119103E+021
  2.135120127056993E+021
  2.370633442694832E+021
  2.900306606618300E+021
  2.913484739285733E+021
  2.502893802528506E+021
  2.174033342457579E+021
  2.034405486137875E+021
  2.025021189187018E+021
  2.119003268020102E+021
  2.126336038670643E+021
  2.177866619250382E+021
  2.204943700883732E+021
  2.258534928522705E+021
  2.257638676684235E+021
  2.386971642656929E+021
  2.420852628760209E+021
  2.525570845259977E+021
  2.769970419700154E+021
  3.181736916550047E+021
  3.698263942605469E+021
  3.603458109442052E+021
  3.708938656969357E+021
  5.114618678218055E+021
  5.365534053184549E+021
  6.254651258124110E+021
  5.197781193563376E+021
  3.743585814680028E+021
  3.159893769373230E+021
  2.870521314917265E+021
  3.392405999447074E+021
  3.097634896069707E+021
  2.933070086929421E+021
  3.558247829048527E+021
  3.404297520572665E+021
  2.827803297552674E+021
  2.863912918037178E+021
  2.894635303335004E+021
  2.922372800663890E+021
  2.877095919004088E+021
  2.834714707292928E+021
  2.843640825292132E+021
  2.954199970740576E+021
  3.262885507447894E+021
  3.679555662611136E+021
  4.082914885379341E+021
  4.311232679688732E+021
  4.637910801274285E+021
  4.804514737109678E+021
  5.428660878953739E+021
  6.279389180989597E+021
  6.780996738021553E+021
  8.218509180123417E+021
  1.094793931555218E+022
  8.983500240986444E+021
  7.689033175415613E+021
  6.540908894899111E+021
  6.311418277861753E+021
  5.482127732717588E+021
  4.218473252576294E+021
  3.491234967062755E+021
  2.966887868962254E+021
  2.635517412271241E+021
  2.442675441532875E+021
  2.246217707408287E+021
  2.170847131932416E+021
  2.464728898626342E+021
  2.866712987295352E+021
  2.825230189905060E+021
  2.895080186964286E+021
  2.571614067210047E+021
  2.211151400437222E+021
  2.043273348951843E+021
  2.016592465477023E+021
  2.057861243311755E+021
  2.091752202342208E+021
  2.172105115898060E+021
  2.246979924329141E+021
  2.196884684413933E+021
  2.259619516192655E+021
  2.399326759746637E+021
  2.406759044330878E+021
  2.528042557807373E+021
  2.718364325465020E+021
  2.973188144338264E+021
  3.256637522530928E+021
  3.206034713343255E+021
  3.942641337609872E+021
  4.470008045180175E+021
  5.373576955976596E+021
  5.740646024423934E+021
  4.341584414926340E+021
  3.517066989172231E+021
  3.062086887466757E+021
  2.817564366570074E+021
  3.055018955094683E+021
  2.916764631514469E+021
  3.190609086286567E+021
  3.688243464353204E+021
  2.820414785831356E+021
  2.761725234768282E+021
  2.829406618714812E+021
  2.872094776306175E+021
  2.877974710825673E+021
  2.803062732857117E+021
  2.799289112686703E+021
  2.829089569762964E+021
  3.074605193886353E+021
  3.313058091260602E+021
  3.633038309022815E+021
  3.864731061478495E+021
  4.007493964716395E+021
  4.385135026691844E+021
  4.642713994304616E+021
  5.339772490156042E+021
  6.218043002619682E+021
  6.567783546768627E+021
  8.774339345204068E+021
  9.214081723510059E+021
  8.553323537789318E+021
  6.982086029489028E+021
  6.408062413014269E+021
  6.231711888026349E+021
  5.281544234504816E+021
  3.927938551698896E+021
  3.316256247622371E+021
  2.828182316270478E+021
  2.553091371264351E+021
  2.332286111381997E+021
  2.203691505090047E+021
  2.718812641737971E+021
  2.712207992335287E+021
  2.605305259500848E+021
  2.720262393716479E+021
  2.410146881790875E+021
  2.174911190320002E+021
  2.053462781491783E+021
  2.019834364566979E+021
  2.049662833377307E+021
  2.141313446906493E+021
  2.188528006489340E+021
  2.200824748331198E+021
  2.213609192439619E+021
  2.253085713271285E+021
  2.387334810542590E+021
  2.361075740219587E+021
  2.539241194168879E+021
  2.747641896827686E+021
  2.888788159621617E+021
  3.046563515047443E+021
  3.456889429780183E+021
  4.269584371347311E+021
  4.502162132862238E+021
  5.567383583935878E+021
  4.804201175159240E+021
  3.952887422571450E+021
  3.270126600195188E+021
  2.937539720201777E+021
  3.002333829731379E+021
  3.033455273153350E+021
  2.950751802921054E+021
  2.875342565735968E+021
  2.920401508721451E+021
  2.692534060751789E+021
  2.749306280724050E+021
  2.765942700223400E+021
  2.930984236665637E+021
  2.912150634863954E+021
  2.789778196413477E+021
  2.740389922184390E+021
  2.881006096179507E+021
  3.069448527625100E+021
  3.345904196646243E+021
  3.546542235836921E+021
  3.760585164216558E+021
  3.934076051708170E+021
  4.194745665604015E+021
  4.521388210410476E+021
  5.239826547047322E+021
  5.970615126729898E+021
  7.002473380767163E+021
  7.921906986895877E+021
  1.226802339893218E+022
  7.444828613025410E+021
  6.485494558879698E+021
  6.631573814988014E+021
  6.169733802553088E+021
  4.971256540119976E+021
  3.838202919852135E+021
  3.202274688481207E+021
  2.764075971090803E+021
  2.472886979771351E+021
  2.335137422547654E+021
  2.365645579764482E+021
  2.618070504747988E+021
  2.663689427657061E+021
  2.468556966754102E+021
  2.621330929027841E+021
  2.521278636754877E+021
  2.258094803519643E+021
  2.141142514333773E+021
  2.072976463380824E+021
  2.053313479559768E+021
  2.081742979080959E+021
  2.191800339930385E+021
  2.221821072498161E+021
  2.224842518319098E+021
  2.244464333945099E+021
  2.351620101568323E+021
  2.278376611841097E+021
  2.368801038886025E+021
  2.645366058812963E+021
  2.811781212546123E+021
  2.795737817804177E+021
  3.252274183268469E+021
  4.364293884532235E+021
  4.742810888773577E+021
  4.846754885735667E+021
  4.857989454612266E+021
  4.261920618130547E+021
  3.956189317777204E+021
  3.130033340991598E+021
  3.092994613506816E+021
  2.999737264188015E+021
  2.909260413848141E+021
  2.622881821975798E+021
  2.693979772869954E+021
  2.618491750701644E+021
  2.566516263539985E+021
  2.658384106591954E+021
  2.876574741748309E+021
  3.034521869835080E+021
  2.912900831098393E+021
  2.767437111965290E+021
  2.807534214612490E+021
  2.923128213801649E+021
  3.104993790624564E+021
  3.365811563708995E+021
  3.516991305101071E+021
  3.541125690690643E+021
  3.851166744640577E+021
  4.324282917676330E+021
  4.575623416952381E+021
  5.141086263412425E+021
  5.637214209186742E+021
  7.118343716028306E+021
  8.156590873938074E+021
  8.578101658706278E+021
  6.683002626658145E+021
  6.189862862757265E+021
  6.457372850726633E+021
  5.955366593532985E+021
  4.616695105794943E+021
  3.711320940068975E+021
  3.150329375571837E+021
  2.736624356436663E+021
  2.450755736771298E+021
  2.408167303425797E+021
  2.601326240274190E+021
  2.511266831006919E+021
  2.460894544075466E+021
  2.613515402838139E+021
  2.396124880078597E+021
  2.233808304559921E+021
  2.175759081839734E+021
  2.109769543324697E+021
  2.091826658230903E+021
  2.138031417678206E+021
  2.264838073981984E+021
  2.234564685408533E+021
  2.179007437645191E+021
  2.354344695882569E+021
  2.450750222682199E+021
  2.316080827014248E+021
  2.522924673112293E+021
  2.756734254863265E+021
  2.710394164356136E+021
  2.905352515774224E+021
  3.850342847301336E+021
  3.810463199273932E+021
  3.845131474660192E+021
  4.494671515377003E+021
  4.384501447996318E+021
  4.058594649843399E+021
  3.549040214231546E+021
  3.270564231839845E+021
  2.852403308840901E+021
  2.784618492005720E+021
  2.596500187686611E+021
  2.631200036708353E+021
  2.590669919414833E+021
  2.441689787149570E+021
  2.505958681426042E+021
  2.647321388151367E+021
  3.040721175518751E+021
  3.088655620231953E+021
  2.981046660837373E+021
  2.760274155309029E+021
  2.820179122230257E+021
  2.901556199348665E+021
  2.952964661910771E+021
  3.155485710556945E+021
  3.302165485332500E+021
  3.460276009801201E+021
  3.830916333319933E+021
  4.088997962348218E+021
  4.503657359540324E+021
  4.936700002806416E+021
  5.726250918302675E+021
  7.013239538580191E+021
  7.484036244688900E+021
  6.993904377931722E+021
  6.371407396871233E+021
  5.925400933909695E+021
  6.494909230474774E+021
  5.427512304383336E+021
  4.469997168733592E+021
  3.690613183333679E+021
  3.160816115234356E+021
  2.783265097268884E+021
  2.611575183790151E+021
  2.600110006999895E+021
  2.525390065077576E+021
  2.433265789063731E+021
  2.463232388517581E+021
  2.583148299476726E+021
  2.557172781703964E+021
  2.380061556445318E+021
  2.300028094136704E+021
  2.183059258033736E+021
  2.129547388291025E+021
  2.140630755171639E+021
  2.115965973920142E+021
  2.270968979839653E+021
  2.127470335704357E+021
  2.209994687619846E+021
  2.349679537200081E+021
  2.242101098162179E+021
  2.358134045195328E+021
  2.592656855914497E+021
  2.762230407460726E+021
  2.800332156143356E+021
  3.363332433738467E+021
  3.370528489948694E+021
  3.369571459997848E+021
  3.796051467642987E+021
  4.399743496409254E+021
  4.048028607317361E+021
  3.742823409930233E+021
  3.895896400399823E+021
  2.995513601855864E+021
  2.748156303977406E+021
  2.503480666189234E+021
  2.518499453230265E+021
  2.597288297343206E+021
  2.377942636955116E+021
  2.397406701621494E+021
  2.499185139021760E+021
  2.864553918145401E+021
  3.130113738728973E+021
  3.163159383868405E+021
  2.838760724939236E+021
  2.720440437864900E+021
  2.763546471583064E+021
  2.831019753484055E+021
  2.935391052442232E+021
  3.083766133365525E+021
  3.138306948699964E+021
  3.385280793379689E+021
  3.693216912951628E+021
  3.883928194998245E+021
  4.444167074428533E+021
  4.871925240459238E+021
  5.551739973745153E+021
  6.419650313704852E+021
  7.102304499877279E+021
  6.500429969441178E+021
  5.872704934772000E+021
  5.636793721913065E+021
  6.454142730443770E+021
  5.272187998424647E+021
  4.404533810608561E+021
  3.647279817557723E+021
  3.269335375593582E+021
  3.110182020930951E+021
  2.839966652555557E+021
  2.401896059976544E+021
  2.413787746540080E+021
  2.491002523683454E+021
  2.637728537036387E+021
  2.477263040337326E+021
  2.369894299303056E+021
  2.390005500925648E+021
  2.337332494016845E+021
  2.157114687609805E+021
  2.113759177176752E+021
  2.146850454545291E+021
  2.100996130411962E+021
  2.126242656867311E+021
  2.289048355410070E+021
  2.350603694748524E+021
  2.386282044584543E+021
  2.802045265456841E+021
  2.571892246248312E+021
  2.650511971480218E+021
  3.285578773675152E+021
  3.190065375210023E+021
  3.085277906363237E+021
  3.233754050389486E+021
  3.970225965376737E+021
  4.222192819190702E+021
  3.690519526081811E+021
  3.893291775296440E+021
  3.704184140726822E+021
  2.855393568010487E+021
  2.509587001666202E+021
  2.424416634072162E+021
  2.548992122469393E+021
  2.435133196682255E+021
  2.368243795441793E+021
  2.346364593716827E+021
  2.579085558847920E+021
  3.043592136853489E+021
  3.195123532166630E+021
  3.032456951324523E+021
  2.710843032588415E+021
  2.667915905412479E+021
  2.707394124293403E+021
  2.776804972020770E+021
  2.930069698867627E+021
  2.918110036552222E+021
  3.096549156464346E+021
  3.251090950397575E+021
  3.500116249179606E+021
  3.819177305505169E+021
  4.393982673548915E+021
  4.727175622839440E+021
  5.638994677808283E+021
  6.025714312714849E+021
  6.512759632653074E+021
  5.978658976690943E+021
  5.499786312180753E+021
  5.549735814113872E+021
  6.542029736907004E+021
  5.006757858331883E+021
  4.407936249086935E+021
  3.610337062131581E+021
  3.598263910801115E+021
  3.401422819131539E+021
  2.694873193179609E+021
  2.573449192343012E+021
  2.404890969485452E+021
  2.428808942996040E+021
  2.593803445313320E+021
  2.580676463412881E+021
  2.449885168568052E+021
  2.408120740285863E+021
  2.411098360925792E+021
  2.236646223911639E+021
  2.162134047588208E+021
  2.266657703431546E+021
  2.098477871525706E+021
  2.075619366840217E+021
  2.155402464589604E+021
  2.395751377317460E+021
  2.528386863536153E+021
  3.115130661426640E+021
  2.598188806348198E+021
  2.561836705308410E+021
  2.788100771003832E+021
  3.276911577320986E+021
  3.013323697250148E+021
  3.009315520006794E+021
  3.359741325109212E+021
  4.293817214678461E+021
  3.717816654584057E+021
  4.008004086809007E+021
  4.173948250580194E+021
  3.128081889538576E+021
  2.610681068380800E+021
  2.384439538176074E+021
  2.457861640149727E+021
  2.564665541072073E+021
  2.363555238065358E+021
  2.308171192104185E+021
  2.381004993528270E+021
  2.813762254550868E+021
  3.046056919400577E+021
  3.043486426655416E+021
  2.752613738288295E+021
  2.597440511502127E+021
  2.595068922201942E+021
  2.711396309043990E+021
  2.734211001678207E+021
  2.763655868557840E+021
  2.904135716750088E+021
  2.973434995359166E+021
  3.264960508376010E+021
  3.481702278759964E+021
  3.874672023393140E+021
  4.321396770902166E+021
  4.753214793885362E+021
  5.242043492811066E+021
  5.763450408393280E+021
  5.998728695563781E+021
  5.496435794787084E+021
  5.240906133674932E+021
  5.577681835742720E+021
  6.132028402807451E+021
  4.846598104556905E+021
  4.116170894995485E+021
  3.738430338060754E+021
  3.848882422620980E+021
  3.502469985621034E+021
  2.514811421481096E+021
  2.563416734773327E+021
  2.750881662332136E+021
  2.770424097448415E+021
  2.607053855160778E+021
  2.448069978764974E+021
  2.527910369894129E+021
  2.354699384668327E+021
  2.203680322121826E+021
  2.433103800842238E+021
  2.176777362872407E+021
  2.122653229248551E+021
  2.150881387183462E+021
  2.201654333112052E+021
  2.723154339366946E+021
  2.681970368986444E+021
  2.456692677883940E+021
  2.736151161212516E+021
  2.734179455798823E+021
  2.869921635928035E+021
  2.982837072412938E+021
  2.969043923839436E+021
  3.011051849143887E+021
  3.661067385435178E+021
  3.865842644901905E+021
  3.640637774254750E+021
  4.909211727365516E+021
  3.522940351173958E+021
  2.774914795398701E+021
  2.385182996958841E+021
  2.314128619819210E+021
  2.531998133763924E+021
  2.366688839882906E+021
  2.296350626448141E+021
  2.365745302751437E+021
  2.560459263883023E+021
  2.806831862842653E+021
  2.897006992946836E+021
  2.711723832813693E+021
  2.543192792219428E+021
  2.533451857586702E+021
  2.555287132014346E+021
  2.646958756058751E+021
  2.716000368266757E+021
  2.721318048229998E+021
  2.898209817069223E+021
  3.051779957630243E+021
  3.238666129867754E+021
  3.437638817867806E+021
  3.891825394794220E+021
  4.246300700828808E+021
  4.847457396430865E+021
  4.964334989881722E+021
  5.547485022580255E+021
  5.400739410445838E+021
  5.244594703841436E+021
  4.820274656381850E+021
  5.834121423448213E+021
  5.817835876375606E+021
  4.388708050263843E+021
  3.999911655436169E+021
  3.855106268605346E+021
  3.879837016687348E+021
  3.022584992620822E+021
  2.578352867312910E+021
  2.528327222095659E+021
  2.699217423826753E+021
  2.878943873842557E+021
  2.838113714113994E+021
  2.620646007091295E+021
  2.544740681255633E+021
  2.526758657103544E+021
  2.285162204274911E+021
  2.301886895627356E+021
  2.351417695918533E+021
  2.264750629157237E+021
  2.147859713539970E+021
  2.171520702382005E+021
  2.224506059478024E+021
  2.329446309581637E+021
  2.370111795814066E+021
  2.533519329088320E+021
  2.834168320308601E+021
  2.867173653551503E+021
  2.954888227008335E+021
  2.947502706818701E+021
  2.993951166695822E+021
  3.185623945698931E+021
  3.848869513582456E+021
  3.458274546385601E+021
  4.021124273953194E+021
  4.757736149228544E+021
  3.123355855669153E+021
  2.540207884329572E+021
  2.309313933905890E+021
  2.379578679887407E+021
  2.430546109020931E+021
  2.266035319854182E+021
  2.368278198107004E+021
  2.558674011820479E+021
  2.767585443191032E+021
  2.887828362767829E+021
  2.810824270483088E+021
  2.521301319685447E+021
  2.456816630422735E+021
  2.483489778193336E+021
  2.549315453103547E+021
  2.602395697830088E+021
  2.669937466206801E+021
  2.763100193829653E+021
  2.986193464883583E+021
  3.078888459326374E+021
  3.275121767810376E+021
  3.526963905784301E+021
  3.812437193713870E+021
  4.407401730319321E+021
  4.560816049301642E+021
  4.849290873223959E+021
  5.120046702447039E+021
  5.078648441412886E+021
  4.844515017484141E+021
  4.847703413045721E+021
  5.214282184896533E+021
  4.662892824883321E+021
  4.343269730034768E+021
  3.877621050946969E+021
  3.582589453285257E+021
  3.157870511764643E+021
  2.435378434762672E+021
  2.486570960626447E+021
  2.615453387112339E+021
  2.714770187101906E+021
  2.757163967828533E+021
  2.674370399214179E+021
  2.673332593593523E+021
  2.339533593954913E+021
  2.243567015846040E+021
  2.468192904760839E+021
  2.386170299367886E+021
  2.268926489188637E+021
  2.180204036162428E+021
  2.159688052249119E+021
  2.243299122665436E+021
  2.237377398374679E+021
  2.421899677332911E+021
  2.851366011488078E+021
  3.369450474232545E+021
  3.075991060049413E+021
  3.176477877323310E+021
  2.909238741241640E+021
  2.992159933349085E+021
  3.477359201214525E+021
  3.421867287658362E+021
  3.468253664191278E+021
  4.603161875728006E+021
  3.361862342254079E+021
  2.808241745673158E+021
  2.334013207608165E+021
  2.256205804924287E+021
  2.358386864001481E+021
  2.340407118317490E+021
  2.347003065175179E+021
  2.478236207397357E+021
  2.689205637167891E+021
  2.811370718613581E+021
  2.899174298456432E+021
  2.618147834401774E+021
  2.432170884542531E+021
  2.457403776922076E+021
  2.450869033220858E+021
  2.540767807251647E+021
  2.532977820168615E+021
  2.661084930158053E+021
  2.785070632987250E+021
  3.058962439555536E+021
  3.213905437515235E+021
  3.373236344772409E+021
  3.594082119274183E+021
  3.933535503793344E+021
  4.273933667771805E+021
  4.359641643183843E+021
  4.588614112845747E+021
  4.547297788873284E+021
  4.956799457419562E+021
  4.574987186829522E+021
  4.532992498411043E+021
  4.812508673305967E+021
  4.310643655918169E+021
  3.956372382372390E+021
  3.524379223348732E+021
  3.192812748514297E+021
  2.713142633256702E+021
  2.515642221410648E+021
  2.395704967416061E+021
  2.471513931884216E+021
  2.602641805702278E+021
  2.773832205601872E+021
  2.801139998090230E+021
  2.731849790431170E+021
  2.461837637564021E+021
  2.290862316884419E+021
  2.515193898029635E+021
  2.543855008850294E+021
  2.448931009904384E+021
  2.263719405712804E+021
  2.166499266096435E+021
  2.299039791161962E+021
  2.253354134544252E+021
  2.352204791803260E+021
  2.640324191540096E+021
  2.787517567777114E+021
  3.004676153387207E+021
  4.114791554713842E+021
  2.870775173999128E+021
  2.918922695961715E+021
  3.206803869138414E+021
  3.371428004382013E+021
  3.314581997730809E+021
  3.428155252197943E+021
  3.367486850516433E+021
  2.891636746935796E+021
  2.442037183214388E+021
  2.205934770263088E+021
  2.234452294670258E+021
  2.308370132402836E+021
  2.374840197518881E+021
  2.388678413421361E+021
  2.648240955225282E+021
  2.856534653469909E+021
  2.973102165032444E+021
  2.728688369630905E+021
  2.483707953884966E+021
  2.383927251161693E+021
  2.391685887457541E+021
  2.447806468495396E+021
  2.503412982222786E+021
  2.528903426603846E+021
  2.668426705141877E+021
  2.954542064672774E+021
  3.044792146919488E+021
  3.334071327978384E+021
  3.456100672679987E+021
  3.647956990948340E+021
  3.967906732550670E+021
  4.063690316512813E+021
  4.041691530798541E+021
  4.121903191465941E+021
  4.481212846108247E+021
  4.913387508329538E+021
  4.410148496136816E+021
  4.314491487971389E+021
  4.519908521368041E+021
  3.900386623298471E+021
  3.580531913145788E+021
  3.337038238620798E+021
  2.816483491801272E+021
  2.455702993374224E+021
  2.378999856490079E+021
  2.480379153184450E+021
  2.666339543555489E+021
  2.844576187272696E+021
  2.856615805856538E+021
  2.606206958665224E+021
  2.513355818723965E+021
  2.535874878367553E+021
  2.630068259496628E+021
  2.493731602401411E+021
  2.409180985495766E+021
  2.243421661079844E+021
  2.153411592762981E+021
  2.351220441397002E+021
  2.423030128299365E+021
  2.518796061607425E+021
  2.735061048738667E+021
  2.745680934605061E+021
  3.022948782399675E+021
  2.937755293173588E+021
  2.946254572564090E+021
  3.057195766309644E+021
  3.249317473533276E+021
  2.931517036693435E+021
  2.993966999849481E+021
  3.067850916251511E+021
  2.768374716408784E+021
  2.505319781278135E+021
  2.217080628620932E+021
  2.185798610491549E+021
  2.148243170411113E+021
  2.322502943462021E+021
  2.368305290177416E+021
  2.524428067154009E+021
  2.823556906432117E+021
  2.986689862497874E+021
  2.908354489945757E+021
  2.574309511139280E+021
  2.351062943561551E+021
  2.354307697603333E+021
  2.338426460604679E+021
  2.472068447575207E+021
  2.469836029810155E+021
  2.543981869291573E+021
  2.904287010579277E+021
  2.997582582896359E+021
  3.141533838212893E+021
  3.372255537576270E+021
  3.461708938085093E+021
  3.795467776982111E+021
  3.837653934450166E+021
  3.781275101603981E+021
  3.818207522904613E+021
  3.888249113888967E+021
  4.715487101688002E+021
  4.364803435447900E+021
  4.460984953482759E+021
  4.158718166282144E+021
  3.989963002536471E+021
  3.573105970816678E+021
  3.378079602529782E+021
  2.954831930727760E+021
  2.668227619261680E+021
  2.520567493014185E+021
  2.400238294653028E+021
  2.402935260758038E+021
  2.586396484254388E+021
  2.781946553200126E+021
  2.895000682784031E+021
  2.710525434949522E+021
  2.681559686417944E+021
  2.794859564231430E+021
  2.523402225221271E+021
  2.496728889960902E+021
  2.568276877558904E+021
  2.422444390998714E+021
  2.241959065347781E+021
  2.276237734414927E+021
  2.531684278002521E+021
  2.527036460569443E+021
  2.638058709018613E+021
  2.734386013583903E+021
  2.780842422540482E+021
  2.993616474273056E+021
  3.004139091770567E+021
  3.033498917316917E+021
  3.107900166288070E+021
  2.858990237356312E+021
  2.661947510019233E+021
  2.786951639219388E+021
  2.635844931339677E+021
  2.518443077180485E+021
  2.268171706785135E+021
  2.116458778429569E+021
  2.058589658343016E+021
  2.153728764655601E+021
  2.265610380374123E+021
  2.468518513248549E+021
  2.801595030280268E+021
  2.965545423300922E+021
  2.970962199486588E+021
  2.652595677112764E+021
  2.367494173363558E+021
  2.262855859657385E+021
  2.310544241317588E+021
  2.348914192471453E+021
  2.421965583300133E+021
  2.495868428266940E+021
  2.772567116917712E+021
  2.976118848311264E+021
  3.140022099570380E+021
  3.230976594446527E+021
  3.394916400555629E+021
  3.639903686733111E+021
  4.075106150684178E+021
  3.618637280910496E+021
  3.592584824773573E+021
  3.525167592746296E+021
  3.921194482109476E+021
  4.334933750256144E+021
  3.994060000879462E+021
  3.893017613468040E+021
  3.889437398761973E+021
  3.565160419982060E+021
  3.348134776581306E+021
  3.090544528891099E+021
  2.713344994455125E+021
  2.403077197496559E+021
  2.334837201958854E+021
  2.467302197620772E+021
  2.644625645651539E+021
  2.820422665432008E+021
  2.833042456036419E+021
  2.649749041315464E+021
  2.825053226781529E+021
  2.721312553794297E+021
  2.575629334602421E+021
  2.635722717189002E+021
  2.600656359302986E+021
  2.405520687093815E+021
  2.266477070504225E+021
  2.659775937000944E+021
  2.464537140568879E+021
  2.560532645166219E+021
  2.602917742815638E+021
  2.649581419615096E+021
  2.940390740976665E+021
  2.970416064994179E+021
  3.124257541342585E+021
  2.978635115426587E+021
  2.756193099837807E+021
  2.554143306213520E+021
  2.460368796423271E+021
  2.428338256345820E+021
  3.324449665532011E+021
  2.300741167483422E+021
  2.097094494998302E+021
  2.026484175869766E+021
  2.026798536909750E+021
  2.199599321226431E+021
  2.447091654150685E+021
  2.590525956679944E+021
  2.843267323243444E+021
  2.905427003194891E+021
  2.720696570715085E+021
  2.375566753735658E+021
  2.217185061374829E+021
  2.224177978033457E+021
  2.251718867737354E+021
  2.378238993477523E+021
  2.425935137531112E+021
  2.633711511789047E+021
  2.937105152206898E+021
  3.048509051944639E+021
  3.165482614295387E+021
  3.433277236153094E+021
  3.515680281336980E+021
  3.927254359845284E+021
  3.584478020931375E+021
  3.416134514923459E+021
  3.351352855769640E+021
  3.418619061670420E+021
  3.696319708891358E+021
  3.694888650044157E+021
  3.651036646532886E+021
  3.721379580387545E+021
  3.661832399087413E+021
  3.328645153625111E+021
  3.109217220749275E+021
  2.829465869136485E+021
  2.565025797908590E+021
  2.445878328869380E+021
  2.322405042513843E+021
  2.349036755881578E+021
  2.548762015116210E+021
  2.742062174560383E+021
  2.783314721716218E+021
  2.667244163506790E+021
  2.745326733430275E+021
  3.130365920706689E+021
  2.951307919854156E+021
  2.816482242827588E+021
  2.795290295825842E+021
  2.628629990735607E+021
  2.406731173730563E+021
  2.563055493149911E+021
  2.398081013314369E+021
  2.471226443104967E+021
  2.489855398720880E+021
  2.495726813428939E+021
  2.620075634669116E+021
  2.789114758950314E+021
  3.041414285012003E+021
  2.931649718989847E+021
  2.657708306360548E+021
  2.512921853504113E+021
  2.464379187080459E+021
  2.211453446094105E+021
  2.213514709974163E+021
  2.313135541359068E+021
  2.147679177804675E+021
  1.966128447645267E+021
  1.981193088108803E+021
  2.087388057283950E+021
  2.344210166661155E+021
  2.423264457710015E+021
  2.825517087864558E+021
  2.801214644103275E+021
  2.780767601441413E+021
  2.536046636042776E+021
  2.205361687421557E+021
  2.129867362542063E+021
  2.206311225069511E+021
  2.248976670336274E+021
  2.390380919661743E+021
  2.581434446979427E+021
  2.747574003479939E+021
  2.968244468636731E+021
  3.199189414168204E+021
  3.360851064473796E+021
  3.448802907331798E+021
  3.837807650544852E+021
  3.812075161833401E+021
  3.386218459461805E+021
  3.216248322286402E+021
  3.089918695772622E+021
  3.106132600900802E+021
  3.263543089469168E+021
  3.360364923257702E+021
  3.449317280603393E+021
  3.477319059393564E+021
  3.362401969268755E+021
  3.158108615174022E+021
  2.936323056281107E+021
  2.624458886114963E+021
  2.366992830590285E+021
  2.312752336839314E+021
  2.437400869096240E+021
  2.649482275495765E+021
  2.766635949987797E+021
  2.668034611029400E+021
  2.697267661351555E+021
  3.002564240377689E+021
  3.320328511805809E+021
  3.124260225941254E+021
  2.971152941756131E+021
  2.863074015662646E+021
  2.627790661622806E+021
  2.456877375506883E+021
  2.374673658544697E+021
  2.345400015316390E+021
  2.386553108514634E+021
  2.392411652306577E+021
  2.438223025969282E+021
  2.583482536742818E+021
  2.745571001924263E+021
  2.816464751780120E+021
  2.622987094982188E+021
  2.400219327499351E+021
  2.429417105826863E+021
  2.102946341137634E+021
  2.047084225555593E+021
  2.089290976662769E+021
  2.068251978569748E+021
  1.931526958187915E+021
  1.930711291508876E+021
  2.035516458476490E+021
  2.274192062886563E+021
  2.410789260442737E+021
  2.693236386741256E+021
  2.905419307556080E+021
  2.829765101485911E+021
  2.569067521298817E+021
  2.318007224353114E+021
  2.176009645547294E+021
  2.149680960634263E+021
  2.226174799348581E+021
  2.354568502498984E+021
  2.600489682697621E+021
  2.698618669769364E+021
  2.889676585649670E+021
  3.122241559032494E+021
  3.310665337434425E+021
  3.391633066527454E+021
  3.612065001577251E+021
  3.909154383155752E+021
  3.741802856986969E+021
  3.233745636563297E+021
  3.008222948083605E+021
  2.886911807590115E+021
  2.973090553260938E+021
  3.163909886914796E+021
  3.241830350488083E+021
  3.277187962250292E+021
  3.257390695489152E+021
  3.200245132299007E+021
  3.077382756868736E+021
  2.750299925941492E+021
  2.511002401763992E+021
  2.448075898703904E+021
  2.325920591033278E+021
  2.383448315672183E+021
  2.536667316185818E+021
  2.668969176966450E+021
  2.641254295565567E+021
  2.657055089310501E+021
  2.780127616365962E+021
  3.076237217249399E+021
  3.257062326331366E+021
  3.111353850290530E+021
  3.014265529296651E+021
  2.869953842652810E+021
  2.597537618755834E+021
  2.389363920022176E+021
  2.261034874561244E+021
  2.302364576732098E+021
  2.320229958859129E+021
  2.320928119450254E+021
  2.359266484439996E+021
  2.522083631199727E+021
  2.579851360679503E+021
  2.541208053410506E+021
  2.323324774576307E+021
  2.186085953506594E+021
  2.080068213420783E+021
  2.000330709393285E+021
  1.947967217434038E+021
  1.953752444301930E+021
  1.898670323684266E+021
  1.887677669003732E+021
  1.981396613051735E+021
  2.285609650287986E+021
  2.302977397801947E+021
  2.471355328266608E+021
  2.823250719130116E+021
  2.878327485177032E+021
  2.670798193626991E+021
  2.362510670513202E+021
  2.183338288362674E+021
  2.163984944389101E+021
  2.254532673257703E+021
  2.370116897648331E+021
  2.596815535905897E+021
  2.696246676184150E+021
  2.848481816889420E+021
  3.236155074678005E+021
  3.322081148290070E+021
  3.337890798784434E+021
  3.500070108299806E+021
  3.662260227594802E+021
  6.727341646256678E+021
  3.405972650495884E+021
  2.945757506146262E+021
  2.863739933971277E+021
  2.780139470762827E+021
  2.923141922641283E+021
  2.953057550310003E+021
  3.042711032044271E+021
  3.055806149226702E+021
  3.021545206438989E+021
  3.042172719645048E+021
  2.868824806415892E+021
  2.606392816025134E+021
  2.388789793939230E+021
  2.323297922599842E+021
  2.390812470973085E+021
  2.510125392575742E+021
  2.535447248689427E+021
  2.575810109208265E+021
  2.748534720727699E+021
  2.976184094655148E+021
  3.281395796154202E+021
  3.218378181554539E+021
  3.072381681258172E+021
  3.084341747025204E+021
  2.826633754156101E+021
  2.378699587873777E+021
  2.227494587468501E+021
  2.137464299843402E+021
  2.200233899594440E+021
  2.211586884845102E+021
  2.230142010654396E+021
  2.341171640601493E+021
  2.394480256916852E+021
  2.401655819709659E+021
  2.292233053944425E+021
  2.119890973135092E+021
  2.045606216780726E+021
  1.945826328448704E+021
  1.871098402741875E+021
  1.867503875400820E+021
  1.882433416762249E+021
  1.820557039730843E+021
  1.896885037684092E+021
  2.146984105773081E+021
  2.261946890069865E+021
  2.293600030948466E+021
  2.577623001855110E+021
  2.852512498206156E+021
  2.778664064217213E+021
  2.493987661569835E+021
  2.228767047668058E+021
  2.132686871378284E+021
  2.250006528979895E+021
  2.484121100135910E+021
  2.561827748026108E+021
  2.683305955469712E+021
  2.846256467495477E+021
  3.067074409444516E+021
  3.354363829796942E+021
  3.356244651120921E+021
  3.368995015733497E+021
  4.140671836071251E+021
  3.592827781058120E+021
  3.797966644219599E+021
  2.935646816056216E+021
  2.746441484039095E+021
  2.826270586003538E+021
  2.793683893671580E+021
  2.800915545788166E+021
  2.798150169048973E+021
  2.851433541377060E+021
  2.864144931682541E+021
  2.869732763519552E+021
  2.802186260521167E+021
  2.636313709976248E+021
  2.502874901352108E+021
  2.438335160445375E+021
  2.343545045939193E+021
  2.297065272279113E+021
  2.358320927501886E+021
  2.425958958118915E+021
  2.468197837599980E+021
  2.598735551796524E+021
  2.853871662625783E+021
  3.155160081935194E+021
  3.140774972035627E+021
  3.012670985152590E+021
  3.291313285894514E+021
  3.321867658884588E+021
  2.486983018738189E+021
  2.208240568299841E+021
  2.053540713060238E+021
  2.055181194806449E+021
  2.110261409346879E+021
  2.133264858743776E+021
  2.189870864249202E+021
  2.272253890429873E+021
  2.273530727526638E+021
  2.245567314783564E+021
  2.074210294283019E+021
  1.978430377193128E+021
  1.929017167145400E+021
  1.835346314630454E+021
  1.784723601561930E+021
  1.793537201107852E+021
  1.849492161428938E+021
  1.869090276175984E+021
  2.078883741483420E+021
  2.305390544981235E+021
  2.294919715409179E+021
  2.369110566270449E+021
  2.623435655334049E+021
  2.825456570937686E+021
  2.587218663829618E+021
  2.337112941349825E+021
  2.189873521281552E+021
  2.309136351532659E+021
  2.497254245830502E+021
  2.623456772128774E+021
  2.656118579884811E+021
  2.863446712996030E+021
  3.022222071324220E+021
  3.073294757942189E+021
  3.241608794052944E+021
  3.192112647134594E+021
  3.283887062654930E+021
  3.234511093107186E+021
  3.264875172495582E+021
  2.980463533087170E+021
  2.744663253541855E+021
  2.678045848852052E+021
  2.620058581146529E+021
  2.722001263220665E+021
  2.703690508605622E+021
  2.725449430491462E+021
  2.744069460374996E+021
  2.723344049370412E+021
  2.691195460528668E+021
  2.538015570247780E+021
  2.503069131645516E+021
  2.365855870863753E+021
  2.290205412815552E+021
  2.330439605274463E+021
  2.338596137524388E+021
  2.403835506371026E+021
  2.504292175616161E+021
  2.588195246028077E+021
  2.733496425834089E+021
  2.770505072254630E+021
  2.736464698856040E+021
  3.121428333572496E+021
  6.125294876363707E+021
  2.705319044259981E+021
  2.214470430978055E+021
  2.054424935753405E+021
  1.998252384478512E+021
  2.050722366875740E+021
  2.045638261674418E+021
  2.102864090521603E+021
  2.161131373855283E+021
  2.209320933842936E+021
  2.147260345363996E+021
  2.055030508511146E+021
  1.950231165512051E+021
  1.895405198575543E+021
  1.833067468769014E+021
  1.786329481013247E+021
  1.785779878798280E+021
  1.823759267592799E+021
  1.910691781760597E+021
  1.971284605448297E+021
  2.191175029798210E+021
  2.366756534012030E+021
  2.365697064954881E+021
  2.527947772651796E+021
  2.634158355183588E+021
  2.548866939615265E+021
  2.462693924154333E+021
  2.351916428036510E+021
  2.414932426243498E+021
  2.615955287223293E+021
  2.617008169085177E+021
  2.641254108438814E+021
  2.881145207390661E+021
  3.009563727629643E+021
  3.011683217789515E+021
  3.028798958798783E+021
  3.115936474315121E+021
  3.067888795166965E+021
  3.033073622943359E+021
  3.004631359771016E+021
  2.936807906350226E+021
  2.737623868675030E+021
  2.620967014678651E+021
  2.651534194264750E+021
  2.669332592017162E+021
  2.557544661792166E+021
  2.645257171286603E+021
  2.662991637111638E+021
  2.658953918135789E+021
  2.578656417964845E+021
  2.470908014512352E+021
  2.396323290641147E+021
  2.404536844237016E+021
  2.346111345239194E+021
  2.286740360645697E+021
  2.285605755168200E+021
  2.325824284491790E+021
  2.382900483655830E+021
  2.461846876355506E+021
  2.519934523306089E+021
  2.562245548119484E+021
  2.544433507072057E+021
  2.546294047985327E+021
  2.782714072036599E+021
  5.286325407760643E+021
  3.270051618405203E+021
  2.364230023962444E+021
  2.092306687162920E+021
  1.998926694810434E+021
  2.021741796036447E+021
  1.977113888193969E+021
  2.032306080886582E+021
  2.080655252472309E+021
  2.143928177064747E+021
  2.073413095149251E+021
  1.975866370411115E+021
  1.925168923985757E+021
  1.831089662676530E+021
  1.811147644909679E+021
  1.786504324960125E+021
  1.761382678098449E+021
  1.792305481642582E+021
  1.883756395860418E+021
  2.019133134735662E+021
  2.084823363431534E+021
  2.331230972524288E+021
  2.443585401479696E+021
  2.609454947720754E+021
  2.514177307453311E+021
  2.515377074889815E+021
  2.514543205095417E+021
  2.485789658701639E+021
  2.504933278005133E+021
  2.784023547136508E+021
  2.694520327641289E+021
  2.741100288516869E+021
  2.917767249205776E+021
  3.036205376086276E+021
  2.980569280570802E+021
  2.915312182905383E+021
  2.956679778880833E+021
  2.890553536316618E+021
  2.883515483095202E+021
  2.803668822981032E+021
  2.800347082144741E+021
  2.794613291862058E+021
  2.606839298307523E+021
  2.624735733418129E+021
  2.751860569096919E+021
  2.640669529773453E+021
  2.548173860296643E+021
  2.581293820853239E+021
  2.578196079241509E+021
  2.502335104323409E+021
  2.410758814332501E+021
  2.321775740441328E+021
  2.323635108137042E+021
  2.310817745022708E+021
  2.308290499602714E+021
  2.381764118859078E+021
  2.431108237165078E+021
  2.495804384643159E+021
  2.527777549144671E+021
  2.624044048303920E+021
  2.537939758208038E+021
  2.560589311150347E+021
  2.536765206513997E+021
  2.948739816936807E+021
  2.918364210751341E+021
  2.399108435301722E+021
  2.193932697071750E+021
  2.038532162568083E+021
  2.000953221755488E+021
  1.979659223751124E+021
  1.996159738124749E+021
  2.046987745143077E+021
  2.051935502127654E+021
  2.060351014567184E+021
  2.028867879285059E+021
  1.890109792894235E+021
  1.826206180521574E+021
  1.784658144953948E+021
  1.754388615380588E+021
  1.760545342450734E+021
  1.795453382773426E+021
  1.810919521897786E+021
  1.969062176703740E+021
  2.072389372443884E+021
  2.165013947392763E+021
  2.525190287983244E+021
  2.794641679875337E+021
  2.617466414132026E+021
  2.569523284607987E+021
  2.544771113081406E+021
  2.547984845418842E+021
  2.566135583132279E+021
  2.637526344355706E+021
  3.053934801682027E+021
  3.012033445071244E+021
  3.153855963518987E+021
  3.179287654278700E+021
  3.079338599710786E+021
  3.080330551521389E+021
  3.006366656908827E+021
  2.941716989212573E+021
  2.829076757799884E+021
  2.832373793231634E+021
  2.797457558978219E+021
  2.683782699193609E+021
  2.619107734680278E+021
  2.729165981995385E+021
  3.204916617902154E+021
  2.920015634891042E+021
  2.550044459809560E+021
  2.505617743350053E+021
  2.516222365456324E+021
  2.447351430445827E+021
  2.375730017326014E+021
  2.258891181129924E+021
  2.235936309411519E+021
  2.277049442977630E+021
  2.356982892287681E+021
  2.435986277306592E+021
  2.519013566177571E+021
  2.608136404281721E+021
  2.649077576331756E+021
  2.604472833844885E+021
  2.550369967888063E+021
  2.474950001680935E+021
  2.423761710576546E+021
  2.410068982538501E+021
  2.396678845274189E+021
  2.403123704235950E+021
  2.182854264306789E+021
  2.033674307753685E+021
  2.056443584783981E+021
  2.000938950922633E+021
  1.979672199697839E+021
  2.022296800363286E+021
  2.033951550691076E+021
  2.189410553187002E+021
  1.916862861128592E+021
  1.799601834704788E+021
  1.758588438763640E+021
  1.751194815305441E+021
  1.764154809602219E+021
  1.848377638902058E+021
  1.848740011422942E+021
  1.954316094436250E+021
  2.109941885812793E+021
  2.192032189789437E+021
  2.640220711082660E+021
  2.785029430665529E+021
  2.739362554910164E+021
  2.665453751118544E+021
  2.669402776556467E+021
  2.622732987559372E+021
  2.676211485553508E+021
  2.926898731886399E+021
  3.210195431727868E+021
  3.170443938244099E+021
  3.239744080434670E+021
  3.183269365416154E+021
  3.126383018334854E+021
  2.988626384978550E+021
  2.935006668325842E+021
  2.871590651027819E+021
  2.813814642839757E+021
  2.685991836025385E+021
  2.586431421380835E+021
  2.670046485059382E+021
  3.540584222414385E+021
  4.414307459261728E+021
  2.929466692807607E+021
  2.494460848279608E+021
  2.532886590892058E+021
  2.427522232931133E+021
  2.335805762183031E+021
  2.229363663730037E+021
  2.200229174919809E+021
  2.253170784690653E+021
  2.412770577925843E+021
  2.523630977714528E+021
  2.608324884898358E+021
  2.737754694730121E+021
  2.722735892911758E+021
  2.631960614577590E+021
  2.480292831686704E+021
  2.393484490675602E+021
  2.299974687251842E+021
  2.299433009989129E+021
  2.309853120437806E+021
  2.216449613518792E+021
  2.133658737517704E+021
  2.099179672347542E+021
  2.026571794950450E+021
  1.941179714947343E+021
  2.018712534029286E+021
  1.932049670561554E+021
  1.916510251558121E+021
  1.837156149438983E+021
  1.768712883034054E+021
  1.758821169636127E+021
  1.768680806411077E+021
  1.837071509859516E+021
  1.889269369432994E+021
  1.938099195747150E+021
  2.110065065498844E+021
  2.215093938132505E+021
  2.560379229627589E+021
  2.665024436242447E+021
  2.764097227668604E+021
  2.747447667043564E+021
  2.796970324989194E+021
  2.802263366040951E+021
  2.870625548329333E+021
  3.138206387011418E+021
  3.264142503933786E+021
  3.253796887786165E+021
  3.379675159114825E+021
  3.372173323540138E+021
  3.135757704580569E+021
  2.966389300857391E+021
  2.873896954714772E+021
  2.762093378923142E+021
  2.659178022816829E+021
  2.513337324483451E+021
  2.936338065565644E+021
  5.690377590334789E+021
  5.073665913963750E+021
  2.705215950357904E+021
  2.529228787857076E+021
  2.663699229481577E+021
  2.463330883775583E+021
  2.383176870929917E+021
  2.332399159686898E+021
  2.459630627005041E+021
  2.566182386438683E+021
  2.699790551288817E+021
  2.761218706611686E+021
  2.741002159090527E+021
  2.638046592248251E+021
  2.470101852124363E+021
  2.358733281012616E+021
  2.290355103470152E+021
  2.266750729072904E+021
  2.270502501408631E+021
  2.243414600192773E+021
  2.031156120799328E+021
  2.019341323253805E+021
  1.991567333880798E+021
  1.944783586755723E+021
  1.897658862407698E+021
  1.854759001570735E+021
  1.809926357875569E+021
  1.750739475224130E+021
  1.722372333165574E+021
  1.757706630732586E+021
  1.800874176739330E+021
  1.834942564949262E+021
  1.912607398157342E+021
  2.080276602862418E+021
  2.252149748960047E+021
  2.471250519030363E+021
  2.510153180369841E+021
  2.702787354603211E+021
  2.802074637333140E+021
  2.898007348291294E+021
  2.910444561076512E+021
  3.036994574951639E+021
  3.171455284231041E+021
  3.304615858931305E+021
  3.339889440283163E+021
  3.832270448313795E+021
  3.593930697997615E+021
  3.046632820834275E+021
  2.824874998114014E+021
  2.688382572258429E+021
  2.637055629382668E+021
  2.538162351576113E+021
  3.185706906754032E+021
  6.893660930326290E+021
  4.450606616786927E+021
  2.478118133588424E+021
  2.786788273451258E+021
  2.735103317422879E+021
  2.461282865690759E+021
  2.454906983944657E+021
  2.569742036034489E+021
  2.601207525794988E+021
  2.926002304957869E+021
  2.869523448507345E+021
  2.836316320422687E+021
  2.655493431821964E+021
  2.456775979870137E+021
  2.458858720288918E+021
  2.346584353158062E+021
  2.258050479560328E+021
  2.206740607533386E+021
  2.029897850839216E+021
  1.951697003437971E+021
  1.924929696048458E+021
  1.898524323842497E+021
  1.887833219148965E+021
  1.915010154584058E+021
  1.806912000588179E+021
  1.715873038094727E+021
  1.731204351168503E+021
  1.769550320849615E+021
  1.812739914124511E+021
  1.872452894737201E+021
  1.979516914744180E+021
  2.145708308743772E+021
  2.367561849342098E+021
  2.398429262532148E+021
  2.665349958318523E+021
  2.739413434127504E+021
  2.900392043988932E+021
  2.948250517566368E+021
  3.035913410259058E+021
  3.177380159223170E+021
  3.193973507102090E+021
  3.509745554094186E+021
  3.135720295704349E+021
  2.974051846550607E+021
  2.760997276578717E+021
  2.646762780943282E+021
  2.603902900656439E+021
  2.615965004551785E+021
  3.223506569292834E+021
  3.465043437600345E+021
  2.624724175877221E+021
  2.500055618714864E+021
  3.147326176850811E+021
  2.440370691652157E+021
  2.397055758333253E+021
  2.520084592178046E+021
  2.502640838183759E+021
  2.712286759531770E+021
  3.009078847736429E+021
  3.019122057565276E+021
  2.890661220154913E+021
  2.740314653981768E+021
  2.403506276157485E+021
  2.221929775516157E+021
  2.139386954120060E+021
  1.990402688884295E+021
  1.944647016493560E+021
  1.909628398697755E+021
  1.958275950698862E+021
  2.055549980062698E+021
  2.044191702000271E+021
  1.790390016522340E+021
  1.709188093244992E+021
  1.739848408232607E+021
  1.789726518718819E+021
  1.806163604340885E+021
  1.905911174069599E+021
  2.032965106141038E+021
  2.265659800384850E+021
  2.369872704806384E+021
  2.646993189571716E+021
  2.704439426601772E+021
  2.894439441609279E+021
  2.958151319452781E+021
  3.042746750203873E+021
  3.140978891774319E+021
  3.313785174397495E+021
  3.117175870825831E+021
  2.877755563851931E+021
  2.712882459263922E+021
  2.657018097189544E+021
  2.623318073698353E+021
  2.558104494195055E+021
  2.628880321368286E+021
  2.654303318295281E+021
  2.428041567379267E+021
  2.850650008629868E+021
  2.829135338972957E+021
  2.421640234814530E+021
  2.444631104455075E+021
  2.370788914650485E+021
  2.488022153238034E+021
  2.535919122350559E+021
  2.873050895763578E+021
  3.178789873672503E+021
  2.548307922807849E+021
  2.212099069843158E+021
  2.122308235432803E+021
  1.961917265092067E+021
  1.948500667153145E+021
  1.985944120770317E+021
  2.241740744937691E+021
  2.525856291595548E+021
  1.975332892185729E+021
  1.817160910686866E+021
  1.734158088360610E+021
  1.739862751549501E+021
  1.765935343695736E+021
  1.884129369900521E+021
  1.961924211880909E+021
  2.170255565725567E+021
  2.364715295175509E+021
  2.680694481418575E+021
  2.701018276254656E+021
  2.818448782210834E+021
  2.906629283632433E+021
  2.980639386604260E+021
  3.263307903160848E+021
  3.113716947375224E+021
  2.767127684683739E+021
  2.662212415602540E+021
  2.636387619238707E+021
  2.588924199353803E+021
  2.594260533830164E+021
  2.535706894560885E+021
  2.443850712673330E+021
  2.505059026714075E+021
  2.747127187373074E+021
  2.349027742066717E+021
  2.426752443749904E+021
  2.255616567911235E+021
  2.274379095085713E+021
  2.372167082334727E+021
  2.520391881584304E+021
  2.419673386129858E+021
  2.201651589632463E+021
  2.066633925010469E+021
  1.932735056760813E+021
  1.842070344589904E+021
  1.863353223792428E+021
  2.028230038174714E+021
  2.240644295849471E+021
  1.959248159405658E+021
  1.804101503060188E+021
  1.762624165321181E+021
  1.768234113716390E+021
  1.859541987408962E+021
  1.939913573289616E+021
  2.118265887630857E+021
  2.312855392533218E+021
  2.752261223591494E+021
  2.758592501014901E+021
  2.780172876599337E+021
  2.782590693066006E+021
  3.062119838796674E+021
  2.896062111618364E+021
  2.743807587235029E+021
  2.615110622800479E+021
  2.659484140068096E+021
  2.627332999308029E+021
  2.522659730553298E+021
  2.324811861681590E+021
  2.296846860797967E+021
  2.499796827703454E+021
  2.252287697930937E+021
  2.296651924404507E+021
  2.269358909477353E+021
  2.211601265850620E+021
  2.249023783675862E+021
  2.193119290047742E+021
  2.093657415101625E+021
  2.042844876232107E+021
  1.947640308817674E+021
  1.841781191069617E+021
  1.934718200528718E+021
  2.076232455562986E+021
  2.027939983763952E+021
  1.910520461118294E+021
  1.769279876701226E+021
  1.772717604569529E+021
  1.847703627431891E+021
  1.928577002556929E+021
  2.086090260455399E+021
  2.285424439662326E+021
  2.698727389591834E+021
  2.768267998442642E+021
  2.737214904355779E+021
  2.892188067220479E+021
  2.894447700720295E+021
  2.729612650803505E+021
  2.643093790470724E+021
  2.662060275876219E+021
  2.590439828507429E+021
  2.382777358701836E+021
  2.253425700875428E+021
  2.266207620624249E+021
  2.209410852139840E+021
  2.231068676492789E+021
  2.231146526614658E+021
  2.185877407648447E+021
  2.128226333946934E+021
  2.056279696006302E+021
  2.037713116844715E+021
  1.965247494283454E+021
  1.888097887817573E+021
  2.041903026144666E+021
  2.089138145644848E+021
  2.010152726815850E+021
  1.854495919777126E+021
  1.768276127195886E+021
  1.832640264679198E+021
  1.939015860118685E+021
  2.096474645652097E+021
  2.292957053085897E+021
  2.568626103547571E+021
  2.677844013409101E+021
  2.826917050048925E+021
  2.873684359432815E+021
  2.679318741472328E+021
  2.563208755996771E+021
  2.525656018481512E+021
  2.427790288414022E+021
  2.300093768096654E+021
  2.207024365887174E+021
  2.192899816406847E+021
  2.219868652261712E+021
  2.154572850023576E+021
  2.148723118761438E+021
  2.087131601933382E+021
  2.037934601068382E+021
  1.964161694825734E+021
  1.918228368608801E+021
  2.131075292095636E+021
  1.989072499237415E+021
  1.867901224275450E+021
  1.807892784364040E+021
  1.845623641018174E+021
  1.986072676062365E+021
  2.109248272747618E+021
  2.277762236916655E+021
  2.458474158254921E+021
  2.622008199303288E+021
  2.787700329398480E+021
  2.605763424323595E+021
  2.511009824148614E+021
  2.435059989793182E+021
  2.313902600617495E+021
  2.220996306963589E+021
  2.240196945681183E+021
  2.249686932602491E+021
  2.078378839243535E+021
  2.106116589488464E+021
  2.090691315293761E+021
  2.052993623255253E+021
  1.919484870944561E+021
  1.923272985762131E+021
  1.871053163825952E+021
  1.817771514909330E+021
  1.875886661325501E+021
  1.960415041378287E+021
  2.114167303603136E+021
  2.246965747520618E+021
  2.395038603057410E+021
  2.562128810185599E+021
  2.477798500252409E+021
  2.410958632861888E+021
  2.328228116221402E+021
  2.263922845988509E+021
  2.210181725117424E+021
  2.185908453528395E+021
  2.060225265622236E+021
  2.086664818486408E+021
  2.179344808049987E+021
  2.036493246352904E+021
  1.915666817111204E+021
  1.851342010857252E+021
  1.855555976465026E+021
  1.944211970642004E+021
  2.099768941251962E+021
  2.216818188420892E+021
  2.311074027273535E+021
  2.319412857837900E+021
  2.264477808331820E+021
  2.248154485748237E+021
  2.217688796626652E+021
  2.199811157097437E+021
  2.040699647996952E+021
  2.223611085530277E+021
  2.068429046356196E+021
  1.906664058019072E+021
  1.876969937170885E+021
  1.951595196838608E+021
  2.019447376227338E+021
  2.184240551292824E+021
  2.230582190618265E+021
  2.213460725549968E+021
  2.232515947872949E+021
  2.177462476321584E+021
  2.104298187314617E+021
  2.069190515563467E+021
  1.933850095019119E+021
  1.934951259344617E+021
  2.015988558454785E+021
  2.147277203416385E+021
  2.186576892213040E+021
  2.150213511279123E+021
  2.006952957191456E+021
  1.954851412953532E+021
  2.069348106657783E+021
  2.128747826425887E+021
