  6.287353394726193E-003
  5.039994445862449E-003
  2.691472618300894E-002
  6.777623884806064E-002
  1.236638585375860E-002
  7.084909459706152E-003
  5.137680848707691E-003
  1.230097728986811E-002
  9.857777305964169E-003
  1.990352538653488E-002
  1.478033050203094E-002
  7.401858471114342E-002
  5.875019384710641E-003
  6.189418348189094E-003
  1.296812653620837E-002
  9.948998176001531E-002
  5.375659896943953E-002
  5.498655063843741E-002
  7.277865681112628E-003
  1.315138600441722E-002
  7.202665448875685E-003
  8.443545081853474E-003
  1.033907726983616E-002
  9.766100247569172E-003
  1.128362664281797E-002
  9.695217839273627E-003
  8.622621519454671E-003
  0.211001604951810     
  7.584717821089342E-003
  1.177990276510331E-002
  1.766306794048089E-002
  8.700401573747348E-003
  6.026346383503494E-003
  1.361186692742334E-002
  0.354118065233336     
  3.073350969561007E-002
  8.432077148814138E-003
  2.079205175626784E-002
  7.105349421186469E-003
  0.216377097488143     
  1.514907739230661E-002
  0.102452871368505     
  6.490001255530879E-003
  8.271734905239199E-003
  2.094116242692519E-002
  8.331530576356511E-003
  4.119106561783246E-002
  6.701212828861942E-003
  1.334573825350335E-002
  8.761434787848065E-003
  1.825574439199476E-002
  9.830196993410961E-003
  1.431529728604189E-002
  7.906382288796697E-003
  1.212167622164870E-002
  9.004422914786441E-003
  1.427965906778366E-002
  1.125918106362060E-002
  1.115211046856940E-002
  9.107548804349398E-003
  7.698932789958178E-003
  1.935713449142198E-002
  1.063480635469365E-002
  1.277648817365486E-002
  6.999497726763505E-003
  1.659222368287551E-002
  0.188170584010292     
  1.468749611387654E-002
  5.984398287441653E-003
  2.987085675440282E-002
  4.097458296783983E-002
  6.605606227193372E-003
  0.339641246822545     
  0.325366743855149     
  2.172817587017166E-002
  0.364282700639157     
  5.175301171795119E-003
  6.644130180481909E-003
  0.303634139977749     
  0.374229567250224     
  2.004867308341002E-002
  3.230681436308311E-002
  4.673653805838848E-003
  6.705286329576812E-003
  0.369216422574520     
  1.744168812473859E-002
  5.318142501976277E-002
  0.327766970610377     
  4.565580121288417E-003
  5.928443348081638E-003
  8.082324700171670E-002
  1.204004695593596E-002
  0.206580239833171     
  4.487013751115386E-003
  6.927943363845069E-003
  4.502916494006570E-002
  6.309970478506964E-002
  9.957673325871401E-003
  4.400177454620312E-003
  0.112583462387027     
  2.849424624337252E-002
  9.828614531332402E-002
  4.029766594428859E-003
  8.368593847074141E-002
  0.149870801320352     
  8.058713920604312E-003
  1.944383522475748E-002
  4.723488703644908E-003
  1.698704341742482E-002
  0.110486404297902     
  1.175968225664400E-002
  6.835339672974863E-003
  3.669161471523083E-003
  1.354627551787546E-002
  0.187327742245727     
  1.071352224609240E-002
  5.406593419755005E-003
  3.082674456034345E-003
  1.155525038949128E-002
  0.116884363580588     
  0.147227791899973     
  4.454269907970944E-003
  9.167584955695807E-003
  0.443745167865198     
  1.042380033938158E-002
  3.677476055462404E-003
  0.159458257067868     
  7.499627045332068E-003
  0.390938752010227     
  8.104942352102603E-003
  4.274920993327686E-003
  9.570332778909840E-002
  5.969242465306395E-003
  8.817306151967507E-003
  0.142169901920785     
  5.505283873527310E-003
  1.129522909116829E-002
  8.169305198718349E-003
  4.695061187551779E-003
  1.808923644934949E-002
  4.387640075447501E-003
  6.201040592296711E-003
  7.589003930040824E-003
  8.844969550506573E-002
  8.768020992591850E-003
  0.368724262159439     
  5.261790772019868E-003
  5.993301531608616E-003
  9.322941765754116E-003
  4.083513671565902E-002
  1.595273408080311E-002
  5.315162021435239E-003
  9.323950687634339E-003
  5.567331091819822E-002
  1.232422255245053E-002
  5.963485490056341E-003
  1.586008173279445E-002
  1.444475098563937E-002
  4.645503180671680E-002
  1.401098094641622E-002
  4.840407963522009E-003
  1.196622050372685E-002
  1.598554384818226E-002
  1.398915135759226E-002
  4.577069132312922E-003
  1.143540563780522E-002
  7.333381145454006E-003
  7.802335534241629E-003
  1.286857004028902E-002
  8.542007317126806E-003
  8.455666080543902E-003
  6.311298593671626E-003
  8.547082648881425E-003
  1.210776191021144E-002
  4.987936821658190E-003
  1.103417873967287E-002
  7.513641967577687E-003
  1.594313743606822E-002
  8.105382678507786E-003
  3.016058899612830E-002
  5.817526267218338E-003
  7.116400449712665E-003
  6.517203248219100E-003
  0.123366101686589     
  7.852760187389292E-003
  5.194776447876264E-003
  7.874397181274924E-003
  6.978085270806777E-003
  6.595649833665551E-003
  6.464097607676255E-003
  0.128758260720682     
  8.270305067147463E-003
  7.724176951381449E-003
  7.499644323420327E-003
  1.094448838275875E-002
  0.374398694127893     
  9.470583310154575E-003
  6.489877048905641E-003
  0.152122154872077     
  9.172942614612201E-003
  0.174678023629542     
  0.110852284451223     
  1.132197420252469E-002
  5.537441944112206E-003
  1.030574380967357E-002
  6.858660610730881E-002
  1.536644646153532E-002
  1.516706147457310E-002
  1.944190270393710E-002
  1.448351511741955E-002
  3.202234626692627E-002
  5.065049786608313E-003
  1.111135835888465E-002
  0.218799055109195     
  1.284237275669245E-002
  1.143192965595959E-002
  1.265140244229045E-002
  0.355638930057068     
  4.926024883537656E-003
  1.452420497309930E-002
  4.570808659392071E-002
  9.315314270746479E-003
  0.377224707990152     
  1.472417945814130E-002
  1.318207513738404E-002
  4.591063262969750E-003
  0.381944996354655     
  6.796006411808071E-002
  6.704894597676946E-003
  2.204470751894070E-002
  4.109129453759562E-003
  0.343622878117895     
  0.241008663819548     
  3.747085230443935E-003
  3.281966358480682E-002
  6.681270318889974E-003
  4.695459562444081E-002
  2.786320346865025E-002
  3.881444424474449E-003
  2.075817192703184E-002
  3.297692297806100E-002
  5.734147008136842E-002
  6.577992292469949E-003
  3.500737348783906E-003
  0.107334009944654     
  1.833117926325146E-002
  5.063134353157727E-002
  2.642466312153425E-002
  6.516472064845244E-003
  6.807648087538287E-002
  1.566902089319141E-002
  0.467517127077768     
  3.115071658537089E-002
  2.075326746084302E-002
  1.055483362621490E-002
  0.422052557086976     
  2.621017561237936E-002
  1.162505462640308E-002
  7.402637809648205E-002
  1.352582577867997E-002
  4.299559548209267E-002
  2.072247246352888E-002
  9.764135020261357E-003
  0.182495213411978     
  0.286250309614159     
  1.186130392475521E-002
  1.298274083256164E-002
  0.105027078012686     
  0.206536123609062     
  8.077003168471550E-003
  1.030280375255511E-002
  1.055824591926731E-002
  1.879592785940287E-002
  0.313575342108661     
  7.815523910564772E-003
  6.492269949830412E-003
  1.722089939152192E-002
  0.304357205549824     
  9.450310995959037E-003
  6.842745425769657E-003
  4.788476110546763E-003
  1.112953378290831E-002
  0.255679960820142     
  6.447360877646331E-003
  7.954536919080388E-003
  1.207266679015636E-002
  3.988375579842649E-003
  0.191434868620686     
  8.525413544795170E-003
  6.379544885602339E-003
  6.945506452893412E-003
  3.839478950312650E-003
  7.322296828743471E-002
  5.073755229597927E-003
  2.048645708892604E-002
  7.812084546129005E-003
  4.427521001085303E-003
  2.416691897913165E-002
  3.570127300115666E-003
  3.686443981395407E-002
  8.428643341078628E-003
  4.607584848735237E-003
  0.109722813055423     
  3.224540508407090E-003
  2.855605691730373E-002
  4.966767995687666E-003
  6.633394450136217E-003
  6.380928039536024E-003
  8.380471163042085E-003
  1.805669975429487E-002
  4.679356348827167E-003
  7.150385054870785E-003
  6.753064658748015E-003
  5.604989196255455E-003
  1.531318521355325E-002
  4.105844790208930E-003
  9.323831953310600E-003
  7.106785963436090E-003
  6.307630807625795E-003
  1.137674809930763E-002
  4.071147599685641E-003
  1.182144976522667E-002
  1.179659794129288E-002
  6.683283009264928E-003
  4.952493939332774E-003
  3.280534702172118E-003
  9.902993442744987E-003
  1.159566624273388E-002
  6.309358907250507E-003
  1.430475474227104E-002
  3.638877741473388E-003
  6.307863299372256E-003
  1.027613662448040E-002
  1.781155964258829E-002
  3.427203201481166E-003
  7.258831329748423E-003
  6.190864188508842E-003
  6.373043836993368E-002
  1.680299079710188E-002
  3.795668039821926E-003
  6.025020491555937E-003
  5.958538761055192E-002
  8.763123436008763E-003
  6.918576151693496E-003
  2.237256342793066E-002
  1.841270683519395E-002
  4.881494945016482E-003
  6.490446953468871E-003
  0.475901856977159     
  1.147043913947336E-002
  2.041809509516344E-002
  5.747095072850951E-003
  8.550860943168145E-003
  0.412445256194960     
  8.907243260368850E-002
  5.601663483438980E-002
  1.294783479303030E-002
  6.752599743667883E-003
  7.133974218645235E-002
  8.831090948054215E-002
  1.217304167895943E-002
  0.390509601688262     
  0.376038333953057     
  2.728176088739621E-002
  4.925858604163146E-002
  3.012860913373657E-002
  0.158685408151392     
  1.528439386724968E-002
  1.064882078916977E-002
  3.484880206332649E-002
  0.329325107041129     
  1.367106222266707E-002
  1.208302069189763E-002
  3.821795761430021E-002
  0.384920201118548     
  1.278173228648174E-002
  1.338281031545653E-002
  1.580718047485105E-002
  1.637828951667666E-002
  1.260133662464478E-002
  0.321995686822208     
  1.270327121422786E-002
  6.399414424452139E-002
  1.042577357236029E-002
  3.722963627610382E-002
  7.371806636372175E-003
  1.294943560886807E-002
  2.494230522232683E-002
  9.999992987388032E-003
  2.764291377010555E-002
  1.503685384460515E-002
  6.559921856319699E-003
  9.430947099472516E-003
  6.608962269281787E-002
  7.707299581247651E-003
  1.847096321622894E-002
  1.001149935340567E-002
  5.478748813021887E-002
  6.807949715818942E-003
  6.914203252857861E-003
  2.461458561424451E-002
  2.659266391468518E-002
  1.041367452128689E-002
  8.002879027096821E-003
  4.347554209521677E-003
  3.530261081642780E-002
  1.455768933797770E-002
  1.047819351003114E-002
  3.498492685912548E-003
  7.216449569027276E-003
  0.144593602017094     
  3.910706838182587E-003
  1.202543881514845E-002
  1.256192588761595E-002
  1.250871470503729E-002
  3.126398333426789E-002
  1.043113472765119E-002
  0.200649200612680     
  1.043731988920219E-002
  2.192907648403295E-002
  1.045287182845420E-002
  0.433580481400843     
  0.270498258294695     
  1.938329575597366E-002
  0.165478042130037     
  8.988605090173345E-003
  8.936274534388024E-003
  0.344765584887834     
  0.359137948616014     
  7.388739696965727E-003
  1.553516133143888E-002
  7.694690740583886E-003
  0.135986355753310     
  0.353656970472886     
  6.328271184888759E-003
  1.103343454284505E-002
  3.029033677272355E-002
  0.336900801839369     
  4.945810693410249E-003
  6.032166380862756E-003
  5.701365048522962E-003
  0.277726419833176     
  1.818613171785220E-002
  9.516940666458442E-003
  1.023218294826262E-002
  0.162035744497779     
  1.216121995285945E-002
  4.842483687673375E-003
  8.207866030077220E-003
  8.807841949379650E-003
  7.509981619900311E-002
  8.524603779473491E-003
  4.201310666866964E-003
  2.113467149835873E-002
  6.693488365801220E-003
  0.104911326681619     
  3.890361472202110E-003
  4.096035049478063E-003
  0.113130317588297     
  5.619303376085006E-003
  3.868626918224156E-003
  4.232016728872840E-003
  6.123886050174483E-003
  4.051999596167977E-003
  1.564212353299008E-002
  0.468932693427416     
  4.719263746895527E-003
  4.341908658808676E-003
  0.231742021958204     
  1.411137275833051E-002
  4.286329056505829E-003
  4.333199004306913E-003
  0.206739513081248     
  1.073907268909735E-002
  4.636497916430910E-003
  4.609454796228881E-003
  2.456018353253679E-002
  4.937072486020831E-003
  9.898553729451375E-003
  6.092424674746823E-003
  1.632514795280156E-002
  1.039967179979732E-002
  3.450997558219576E-003
  7.992531328864813E-003
  3.871227489679783E-003
  3.014908168854632E-002
  4.373821992927498E-003
  7.187693274643311E-003
  7.420903721372725E-003
  0.391977264791057     
  0.274029683988071     
  5.632002645033837E-003
  9.421840101861073E-002
  0.186582981083007     
  5.457506958577235E-003
  1.119074139524255E-002
  0.198878495825681     
  0.112153630763600     
  2.588310513705491E-002
  6.169804268295837E-002
