  0.332231463632618     
  0.326206877598871     
  0.298230774571570     
  0.324731246400103     
  0.333103715887584     
  0.331888942528167     
  0.329993253031887     
  0.298841286419333     
  0.108450683438565     
  0.116971242440345     
  0.291571985818957     
  0.319067447333974     
  0.330318715603154     
  0.329550117956664     
  0.321543601365804     
  0.248439911611812     
  0.316217952213853     
  0.162563070132161     
  5.684078061372693E-002
  3.205851480832120E-002
  5.109366438096849E-002
  0.174264862497765     
  0.269775824364125     
  0.303325819165062     
  0.316226459734481     
  0.333537878734565     
  0.328090529387086     
  0.298571112615120     
  0.122106554385548     
  0.266676640607726     
  0.278099492614007     
  6.783581182919969E-002
  3.109914253936571E-002
  1.713923143269566E-002
  1.337234108870068E-002
  3.174530442272977E-002
  0.118930485452171     
  0.241386211284687     
  0.264594744952830     
  0.288785660561217     
  0.306127105038171     
  0.333061271998831     
  0.335625688050902     
  0.317992718360917     
  0.302285274845889     
  0.127387708991515     
  0.165449619605486     
  0.287900961517215     
  8.797473682607043E-002
  3.793718064707882E-002
  2.278303980698536E-002
  1.279805869151024E-002
  8.034250867567936E-003
  8.869629936944333E-003
  2.310736931038455E-002
  0.103315450721185     
  0.206132563098235     
  0.235202425377631     
  0.225221709959938     
  0.271007358422488     
  0.300403275852580     
  0.326945496233251     
  0.339810554001522     
  0.328317105040413     
  0.291923980323583     
  0.229690635987095     
  0.134274450113091     
  0.115288945479082     
  0.241227436818513     
  0.271175223742749     
  5.565907981651365E-002
  2.762265184742804E-002
  1.905132947744476E-002
  1.186721396597269E-002
  6.893816247491282E-003
  6.925440114782275E-003
  7.490177880998471E-003
  1.467901276070778E-002
  8.346915163262519E-002
  0.151260821882816     
  0.208109459338781     
  0.183613943291448     
  0.198241350410795     
  0.230156501007376     
  0.294717338266602     
  0.321998259021520     
  0.340326112659081     
  0.335417083490956     
  0.308585743351955     
  0.182868804267291     
  0.161853111036512     
  0.129103183890654     
  7.743263295391455E-002
  0.232948637050853     
  0.268830140347919     
  0.148553741169734     
  3.480649904789711E-002
  2.114323908132251E-002
  1.607267671045292E-002
  1.022376764928428E-002
  5.967018407595671E-003
  6.428490488596610E-003
  6.682709193031307E-003
  6.934427496824244E-003
  1.228174992087955E-002
  5.497878148276740E-002
  0.123580162770926     
  0.151923217000755     
  0.188599590261777     
  0.129219286054927     
  0.145771107161792     
  0.210967826112481     
  0.291960851947866     
  0.310626400331720     
  0.339618729864729     
  0.339434147936873     
  0.319835083467245     
  0.258885119451535     
  0.150114529273354     
  0.144560488593410     
  0.124879128111468     
  7.081999044824473E-002
  0.125015691079028     
  0.161876825568369     
  0.158528207527809     
  0.102426580820815     
  1.681194303058426E-002
  6.902742148599170E-003
  6.717108171894492E-003
  9.212848241452435E-003
  4.635851897040670E-003
  5.618656991574749E-003
  6.693688495499474E-003
  6.829848876765220E-003
  7.217489100602607E-003
  1.240999815115867E-002
  5.402862490751132E-002
  0.102188336421407     
  0.128100605306283     
  0.147988300384426     
  9.755358540403300E-002
  9.208571956675006E-002
  0.124885357800455     
  0.204558213565778     
  0.292885144155917     
  0.303780620121884     
  0.336052385312288     
  0.341573196535738     
  0.325837785639699     
  0.295044373287934     
  0.172795533099112     
  0.143033756477050     
  0.131331126867429     
  0.115213599622454     
  7.163805504702886E-002
  6.469552110139422E-002
  0.115673430144876     
  0.116926295795505     
  8.941962406934340E-002
  2.912239161501340E-002
  6.580763771374308E-003
  4.761981474119554E-003
  3.700809080782839E-003
  4.824993817748684E-003
  4.016422455928595E-003
  4.569014920107252E-003
  5.641775269313727E-003
  7.139789130943317E-003
  7.442154676162678E-003
  7.749854663449704E-003
  1.223242350879771E-002
  5.002266871636000E-002
  8.285981721029927E-002
  0.107134854982100     
  0.127812811310329     
  8.849600555115662E-002
  5.785539376938801E-002
  5.576881588553290E-002
  0.104683640350019     
  0.206802874941183     
  0.293963101644104     
  0.300158605892100     
  0.323462702941275     
  0.340764752633828     
  0.327408599836844     
  0.300702880926016     
  0.253480156389133     
  0.139916031280731     
  0.130557201530722     
  0.119631098715282     
  0.103518910991898     
  5.976373998834275E-002
  5.522577164507615E-002
  9.249383027950916E-002
  0.103889478965749     
  9.813923370749507E-002
  3.216657702575813E-002
  6.108955536808603E-003
  5.473435718026007E-003
  4.602707728092236E-003
  3.663140679806067E-003
  3.536104380327308E-003
  3.570605823968133E-003
  3.869737292406569E-003
  4.821717899560060E-003
  5.492852782853592E-003
  7.393779090940918E-003
  8.021410451930158E-003
  8.417409272288364E-003
  1.244501893677504E-002
  3.721560411872232E-002
  6.239015321888782E-002
  8.739664004273226E-002
  0.103615775396709     
  7.571530147535555E-002
  4.466287431239236E-002
  3.096021441419139E-002
  3.747084370568066E-002
  9.294377598394073E-002
  0.216755302206724     
  0.294021812279978     
  0.294317418656271     
  0.315246400638044     
  0.336842483896404     
  0.327447274741123     
  0.301293421896343     
  0.232562929365806     
  0.158170797755938     
  0.126081155927771     
  0.119052258761629     
  0.108098713150400     
  9.158907717800788E-002
  5.131537732310888E-002
  5.396743493414381E-002
  5.947199525590382E-002
  9.363126843244177E-002
  8.481354725896940E-002
  2.600433715873215E-002
  6.075795342195863E-003
  5.917772189845415E-003
  5.593611972929044E-003
  4.207635949573512E-003
  3.741854580250979E-003
  3.509055883570695E-003
  3.296593757864643E-003
  3.320641413805633E-003
  4.114351587610538E-003
  4.730439185445496E-003
  5.206149114196737E-003
  7.231907006185907E-003
  8.337186695950700E-003
  8.963045650526091E-003
  1.186455874250631E-002
  2.590956229376723E-002
  4.287621658403850E-002
  6.449416841168669E-002
  8.519260268137482E-002
  6.322411890687657E-002
  3.423264096900597E-002
  2.078954873536028E-002
  2.098688379319137E-002
  3.722246777500499E-002
  0.102907357332878     
  0.238764609640219     
  0.293680787197728     
  0.291421222731412     
  0.307464448406607     
  0.331209863317337     
  0.324904855719752     
  0.301318062857214     
  0.225845603458832     
  0.146474604272671     
  0.116314463935411     
  0.109664951991575     
  0.104359369024450     
  9.705288260738226E-002
  8.094228100121152E-002
  4.305695300666702E-002
  5.344172062293355E-002
  5.837893822809191E-002
  5.319145754777720E-002
  5.346102908397996E-002
  3.491646399538750E-002
  6.330443896959485E-003
  6.156364862505184E-003
  5.390668902633204E-003
  4.215510286266510E-003
  3.935022103625066E-003
  3.731103199244094E-003
  3.491492461392543E-003
  3.275697497023791E-003
  3.097662589932089E-003
  3.309383700825113E-003
  4.005971716154532E-003
  4.201602832586975E-003
  4.876672192033924E-003
  7.057149573850331E-003
  8.421457365519372E-003
  9.194356717648181E-003
  9.983008152530937E-003
  1.242487739453548E-002
  2.272316212512487E-002
  4.040275095316403E-002
  6.183002111147299E-002
  5.884696894566467E-002
  2.692022914940979E-002
  1.701633409387338E-002
  1.497306761297580E-002
  1.998138801922060E-002
  4.622770424966734E-002
  0.142572765583723     
  0.272280375193736     
  0.295707587246490     
  0.290576696452666     
  0.299209772319866     
  0.321402761705881     
  0.318599375136217     
  0.295899415391631     
  0.201703203622607     
  0.135751827444136     
  0.105356867917588     
  7.577573384388959E-002
  8.586199059689147E-002
  6.542317340149401E-002
  6.087004964647565E-002
  6.175812216928677E-002
  3.462049558392963E-002
  4.994712555048069E-002
  6.892609270771537E-002
  4.712946205236467E-002
  3.063682960214095E-002
  2.542131953948000E-002
  8.167319697770068E-003
  6.435978416143938E-003
  4.948924286464621E-003
  4.286817664392031E-003
  4.023879534106264E-003
  3.861082452202403E-003
  3.691531885857979E-003
  3.444216668911907E-003
  3.262592359715025E-003
  3.111542513751964E-003
  3.024583958539246E-003
  3.393884189774665E-003
  3.589606984964588E-003
  3.724074788057626E-003
  4.735103732305485E-003
  6.974574950184045E-003
  8.047347678352530E-003
  8.855852078912275E-003
  9.617041477177938E-003
  9.940110967952793E-003
  1.079837685118851E-002
  1.535028590061513E-002
  2.930302280586868E-002
  3.870041178062660E-002
  2.481963464861713E-002
  1.490590831518731E-002
  1.414599021716282E-002
  1.443986870189769E-002
  2.691292895002874E-002
  8.198095627502124E-002
  0.217426897575535     
  0.281044589032528     
  0.300310754278419     
  0.291693886647225     
  0.293952571224198     
  0.308407371739100     
  0.309184823768252     
  0.287919292946684     
  0.182988348731028     
  0.129321502952407     
  9.888240268159727E-002
  5.681243366149363E-002
  5.046994502046959E-002
  5.021993315421205E-002
  4.729664135993149E-002
  4.172609880706859E-002
  3.565250316426929E-002
  3.092910165895858E-002
  3.334300982512545E-002
  5.101914943866525E-002
  3.233606147160267E-002
  2.231776301407173E-002
  2.100276761668250E-002
  7.733861472912278E-003
  7.554933982754104E-003
  5.678017703080534E-003
  5.031838477395311E-003
  4.269729774691934E-003
  3.970619480722327E-003
  3.775259541535887E-003
  3.588989861804696E-003
  3.350381069697189E-003
  3.223232620931093E-003
  3.069965590783521E-003
  2.968119909627733E-003
  3.194579190321377E-003
  3.594588484399989E-003
  3.631290429854206E-003
  3.772433787214522E-003
  4.674378572526877E-003
  6.885582146962176E-003
  7.877256919122737E-003
  8.463210038430600E-003
  9.139219265631162E-003
  9.629468398074438E-003
  9.778889141329522E-003
  9.992863984035890E-003
  1.215384748501406E-002
  1.687681555676910E-002
  1.926396845094493E-002
  1.395041566090989E-002
  1.330721026746670E-002
  1.324322718237288E-002
  1.765242602841228E-002
  6.273098734888032E-002
  0.169049799139063     
  0.246056736447735     
  0.289686041867698     
  0.301406502129977     
  0.293754056212514     
  0.292476773655859     
  0.296510973620961     
  0.298814933865169     
  0.276170907516133     
  0.175911106098227     
  0.128734453985536     
  9.790152048061669E-002
  5.317889436064731E-002
  4.175071417678160E-002
  4.190473422659061E-002
  4.269073860576098E-002
  4.033808539487591E-002
  3.336069831942569E-002
  2.872721883015911E-002
  2.779153144655193E-002
  2.463952603926675E-002
  1.884930151230340E-002
  1.747148689825611E-002
  1.850384802118617E-002
  1.696748774214777E-002
  8.570269369857048E-003
  8.033736659859743E-003
  6.314185808263021E-003
  5.890771521417092E-003
  4.755235680726984E-003
  4.167815634651012E-003
  3.882015322976052E-003
  3.648217188598601E-003
  3.439480134573335E-003
  3.232663857319488E-003
  3.098174820028714E-003
  3.018420614347440E-003
  3.010675814603082E-003
  3.033999731785185E-003
  3.763757796603464E-003
  3.923110781376428E-003
  3.824444277041464E-003
  3.662614522933157E-003
  4.408956345403526E-003
  6.719335976846294E-003
  7.608303744415461E-003
  8.267146506934614E-003
  9.073880392280465E-003
  9.785183007021268E-003
  1.041538821278454E-002
  1.029778352881051E-002
  1.025512123436717E-002
  1.095642763143311E-002
  1.257547057064398E-002
  1.299663919514131E-002
  1.263762609293436E-002
  1.241114882790210E-002
  1.243095153737336E-002
  3.348213043660082E-002
  0.154998964871716     
  0.209098277815609     
  0.258606123295069     
  0.289933608535177     
  0.293309622785119     
  0.296222749688317     
  0.293757214903099     
  0.291638143402197     
  0.290243574319728     
  0.264772153025654     
  0.177909650969043     
  0.131222471903369     
  9.737414363739930E-002
  5.066447797175245E-002
  3.960295307736341E-002
  3.151394127280222E-002
  3.449681028215407E-002
  3.619324932888448E-002
  3.543031939136071E-002
  2.837562040996063E-002
  2.491692702111313E-002
  2.429118878740987E-002
  1.803998601055788E-002
  1.379465278476229E-002
  1.304948910597229E-002
  1.389933102842780E-002
  1.195604432090147E-002
  9.144064777969058E-003
  8.340219594828838E-003
  7.206368674254290E-003
  6.648502596079331E-003
  5.763381315976984E-003
  4.444281234883222E-003
  4.152997107876213E-003
  3.950131577746151E-003
  3.696612092511973E-003
  3.374854929554548E-003
  3.222911873038138E-003
  3.098245692825409E-003
  3.054737375946354E-003
  3.181371571147539E-003
  3.280875861444707E-003
  3.848207888052054E-003
  4.635095293989708E-003
  4.308484991110815E-003
  4.016945273210970E-003
  3.766577941652794E-003
  4.389726046839851E-003
  7.013283883469316E-003
  7.758353607873682E-003
  8.483711970950889E-003
  9.401314251247036E-003
  1.040896442700219E-002
  1.107721181316134E-002
  1.125408770281031E-002
  1.090003020675927E-002
  1.108759328079637E-002
  1.269406354537696E-002
  1.243697227447086E-002
  1.264727319571114E-002
  1.212843509561552E-002
  1.110855744018808E-002
  1.716184233832995E-002
  9.764627141110631E-002
  0.194581601741675     
  0.218652704745393     
  0.245746918162034     
  0.267715726350038     
  0.267514873046734     
  0.290250845261415     
  0.292575772021899     
  0.290604082547072     
  0.280444376088440     
  0.263765754288808     
  0.190931643360618     
  0.141336303981969     
  0.109227852796181     
  7.001620728165013E-002
  4.020958723661520E-002
  2.758459757180261E-002
  2.715312645743700E-002
  2.971356455277192E-002
  2.947568652375797E-002
  4.739432945864788E-002
  2.569488659411105E-002
  2.152595546842994E-002
  1.750215303208985E-002
  1.330504249262249E-002
  1.193514204168431E-002
  1.101359558438017E-002
  1.049895001633041E-002
  9.747183718782276E-003
  9.829803629645336E-003
  8.187289218672572E-003
  7.371320852086825E-003
  6.826893469686864E-003
  5.042943610983173E-003
  4.422736131230756E-003
  4.186281868047038E-003
  4.031742806915890E-003
  3.678140976677055E-003
  3.395520305911678E-003
  3.360186181678475E-003
  3.269040203136885E-003
  3.347551069281313E-003
  3.733351182036042E-003
  4.135555010973521E-003
  5.161658867882799E-003
  5.558965893811150E-003
  4.422925147640232E-003
  4.185781642984314E-003
  3.845016104377531E-003
  5.490466761962077E-003
  7.618998801583425E-003
  8.413721251767639E-003
  9.339246202613994E-003
  1.101890639895209E-002
  1.198716376609184E-002
  1.241966153275266E-002
  1.243442688971016E-002
  1.380948520278886E-002
  1.670456062997608E-002
  1.663046541035507E-002
  1.584978205012094E-002
  1.230403630159571E-002
  1.127481441872128E-002
  1.163275904930892E-002
  4.834125526768974E-002
  0.172674962709252     
  0.208446069651595     
  0.230548742016247     
  0.250299116994022     
  0.281994880741261     
  0.289629818813944     
  0.289370947485984     
  0.278915448194846     
  0.261688924754127     
  0.212636268992223     
  0.158818622891657     
  0.120343686682645     
  9.086193592196283E-002
  4.659455382406943E-002
  2.962611049950176E-002
  1.863993267205340E-002
  1.661272631394348E-002
  2.406274487873913E-002
  3.555287805094473E-002
  4.782949258939401E-002
  2.184888979473374E-002
  1.704701453441129E-002
  1.392499494597814E-002
  1.209556523900535E-002
  1.100625269284664E-002
  1.079468578658585E-002
  1.107743706926330E-002
  1.118044313500226E-002
  1.031249109578656E-002
  8.504532500652175E-003
  7.454247003646103E-003
  5.828613027922282E-003
  4.890755735413081E-003
  4.671206112454156E-003
  4.407059393336678E-003
  4.230793112067421E-003
  3.963952224793343E-003
  3.729294600487042E-003
  3.641624968275325E-003
  3.652498440661473E-003
  3.704115288457444E-003
  4.367571659344743E-003
  5.762299313018807E-003
  6.097644203409517E-003
  5.992474713717141E-003
  4.298419811258352E-003
  3.906654981519838E-003
  3.630182381836376E-003
  7.245148128898274E-003
  8.633243699291353E-003
  1.000859170060270E-002
  1.119578472504036E-002
  1.272818281504215E-002
  1.336810045651451E-002
  1.338411857991980E-002
  1.441307352120797E-002
  1.638667970747085E-002
  1.845029101361318E-002
  1.979776681925026E-002
  1.908333352515271E-002
  1.295882293366245E-002
  1.082710818826641E-002
  2.155241057022467E-002
  0.107853185760756     
  0.199824801594846     
  0.223411533923054     
  0.237831328026595     
  0.252611418626219     
  0.257672271324618     
  0.283606764282821     
  0.287777515468196     
  0.282686332890795     
  0.266336624810353     
  0.243970548949316     
  0.174583574964014     
  0.143989578804727     
  0.112681835017615     
  8.330014776329300E-002
  3.737682135849459E-002
  2.544896390843323E-002
  1.731254384492339E-002
  1.866132918353667E-002
  2.214773460519900E-002
  3.971047168076484E-002
  5.297028815082096E-002
  1.611407189898902E-002
  1.362440066822400E-002
  1.180291892162076E-002
  1.141480803256364E-002
  1.123388415057805E-002
  1.134117321256226E-002
  1.103309308520995E-002
  1.101003473099501E-002
  9.476290389327492E-003
  8.427251286292457E-003
  6.701404777595177E-003
  5.463397161846837E-003
  5.083096372805728E-003
  4.845398614572889E-003
  4.675408772702668E-003
  5.922504903654124E-003
  4.688701011515696E-003
  4.384681733336249E-003
  4.047987322085522E-003
  4.010319592375310E-003
  4.532548862688413E-003
  6.001020319228377E-003
  6.726521015133649E-003
  6.615756151804820E-003
  5.337803942875763E-003
  4.049537039621320E-003
  3.667281807518651E-003
  3.909497642013357E-003
  8.288074014739265E-003
  1.000053985869402E-002
  1.096623958107775E-002
  1.389352122373023E-002
  1.407583173927981E-002
  1.311451185233323E-002
  1.324685810859639E-002
  1.424813506588730E-002
  1.629958447357216E-002
  1.896135369013427E-002
  2.238942194782951E-002
  1.941383027851511E-002
  1.150803793724493E-002
  1.180668607102690E-002
  4.744059632654890E-002
  0.169232040199360     
  0.210326681533333     
  0.226073986155843     
  0.238989521984074     
  0.272061405765453     
  0.281476902471908     
  0.282650231574445     
  0.268896357238496     
  0.260640658866114     
  0.219206365067162     
  0.165568960158737     
  0.136392656370433     
  0.103175709697895     
  8.012091419053163E-002
  3.308805068292403E-002
  2.064995765597121E-002
  1.477264848571893E-002
  1.805624474773417E-002
  3.400827453142683E-002
  3.972909645230023E-002
  1.802105292588542E-002
  1.296772526884889E-002
  1.199280048971960E-002
  1.128279624358571E-002
  1.149721498552820E-002
  1.138981505852617E-002
  1.004417378528033E-002
  9.467781828115382E-003
  9.471611535181069E-003
  9.329417116342283E-003
  7.919531468399809E-003
  6.145420843528458E-003
  5.618897740232233E-003
  5.194986382789969E-003
  4.839607534190205E-003
  5.467904980808151E-003
  8.788718044840240E-003
  9.290718659828027E-003
  6.105066980908888E-003
  4.624555181421548E-003
  4.406548958820641E-003
  5.603968105472123E-003
  7.194372931989964E-003
  7.274870740133174E-003
  7.254547378679596E-003
  6.076087891416178E-003
  3.946433847743844E-003
  4.166652759671968E-003
  5.147998111767025E-003
  8.960113292621646E-003
  1.053193343417757E-002
  1.333446848033503E-002
  1.567384344841026E-002
  1.423372058163228E-002
  1.275560433382408E-002
  1.319470944637883E-002
  1.485007817706004E-002
  1.692393840692702E-002
  1.968601458838442E-002
  2.209377898751554E-002
  1.608375389097447E-002
  1.065526755903463E-002
  1.801366468007966E-002
  9.904560972570241E-002
  0.183835782299586     
  0.210960709750284     
  0.226780856308567     
  0.239080671785398     
  0.240378558902823     
  0.269789851421779     
  0.275545160477584     
  0.266503974511301     
  0.262127965805965     
  0.252177127998834     
  0.213228411434690     
  0.158806703599988     
  0.126670367346454     
  9.348953374741409E-002
  7.508574463031634E-002
  2.816565983076411E-002
  1.924994727604343E-002
  1.682857348278043E-002
  2.135609454650901E-002
  3.761060062558464E-002
  2.665273437550719E-002
  1.253280233670970E-002
  1.195936155829015E-002
  1.088623827772411E-002
  1.152200498363100E-002
  1.070930916687574E-002
  9.091414140742339E-003
  8.196063994956400E-003
  8.314853146414060E-003
  9.043210768133901E-003
  8.847312289386396E-003
  6.917532261893786E-003
  5.949569783846556E-003
  5.504930119248241E-003
  5.283105250544507E-003
  5.813939196928768E-003
  1.880677961625120E-002
  1.741940460718087E-002
  1.207812660204390E-002
  5.557472428530931E-003
  4.600816132233991E-003
  5.571943594683765E-003
  8.190270754392702E-003
  9.656996384793304E-003
  8.763730733037090E-003
  8.018640198740892E-003
  6.156845916861259E-003
  7.006742121480736E-003
  5.606253376934069E-003
  5.248291558386606E-003
  1.009400371689087E-002
  1.558764102186906E-002
  1.881421418339417E-002
  1.666244336857315E-002
  1.416116753562034E-002
  1.383043544806514E-002
  1.412956800787156E-002
  1.561590025641322E-002
  1.754478775067601E-002
  2.018273797289443E-002
  1.952283697723151E-002
  1.162133893582431E-002
  1.101446586755016E-002
  3.792441817691678E-002
  0.127050015691375     
  0.175479454498108     
  0.209748988813354     
  0.226714091245444     
  0.230488324175722     
  0.246621636812180     
  0.259444864477670     
  0.259293138260741     
  0.255008474629629     
  0.240205149492614     
  0.212673926152359     
  0.149203186172811     
  0.115161254964028     
  8.828653430206443E-002
  5.888216914863971E-002
  2.225364857025838E-002
  1.771989822459415E-002
  2.044635938938497E-002
  2.940630179124422E-002
  2.171077990013076E-002
  1.269399404852435E-002
  1.176189350252096E-002
  1.092719167765620E-002
  1.046608928438311E-002
  1.010332324999286E-002
  8.165398599051282E-003
  7.478993578184720E-003
  7.318763900159931E-003
  8.358962582521459E-003
  8.862850524501609E-003
  7.821395712911053E-003
  6.182832212434461E-003
  5.916727375237870E-003
  5.473141559751064E-003
  5.337937973466181E-003
  1.502327573749347E-002
  3.403115326973720E-002
  2.140497149488111E-002
  8.595874065822412E-003
  7.677697078975284E-003
  7.784123814353705E-003
  1.076525228252628E-002
  1.435559618907067E-002
  1.511245051083597E-002
  1.092776671545083E-002
  9.708368235207572E-003
  1.413189059107274E-002
  1.383251275162166E-002
  6.440219614050982E-003
  8.585871322277006E-003
  1.079247312211106E-002
  2.389885259164887E-002
  2.179766875309048E-002
  1.742087467117136E-002
  1.475518268882711E-002
  1.459708479302135E-002
  1.492448968312526E-002
  1.660220502036183E-002
  1.762766496709928E-002
  2.096011432175835E-002
  1.612590454072918E-002
  1.070294694273582E-002
  1.372348556070429E-002
  6.138156205437879E-002
  0.121449467850342     
  0.171945553939937     
  0.201580585401844     
  0.222037186772806     
  0.118356010639993     
  0.193323202508220     
  0.150422952982210     
  0.186891897826770     
  0.250493668622009     
  0.243651390314085     
  0.230669418496034     
  0.215785160049303     
  0.138478979852472     
  0.107669388482489     
  8.205647059609669E-002
  3.993850107338590E-002
  2.079230920886265E-002
  1.874323609456223E-002
  2.376933431806297E-002
  2.947792440763823E-002
  1.268830739628356E-002
  1.165004075045850E-002
  1.129693673027002E-002
  1.030726099342921E-002
  9.591509590598008E-003
  7.709053512341078E-003
  7.058287300041969E-003
  7.053616305026348E-003
  7.247741791238763E-003
  8.604165087194001E-003
  8.233852957306156E-003
  6.535777957598280E-003
  5.839135866467276E-003
  5.812471905918792E-003
  5.719018598438946E-003
  1.126322727307164E-002
  4.443410623538209E-002
  6.101013965114963E-002
  2.894258630469104E-002
  1.556992750572555E-002
  1.659130904444235E-002
  1.324407787160449E-002
  2.448809195672741E-002
  3.305850472264003E-002
  1.987696509773752E-002
  1.456483122959288E-002
  1.894274906739584E-002
  4.756878790312377E-002
  2.086926484691229E-002
  7.175580186501306E-003
  1.026194289309796E-002
  4.132329253855246E-002
  3.222954497872527E-002
  2.462185961166265E-002
  1.744611561523776E-002
  1.509939381552221E-002
  1.518947587293405E-002
  1.579893686905716E-002
  1.644958512893143E-002
  1.704573305006126E-002
  2.000262294684144E-002
  1.197981037150388E-002
  1.088417913887687E-002
  2.124930802885718E-002
  7.273517087085080E-002
  0.118655599735586     
  0.168918619273824     
  0.185723103918954     
  4.763071688952995E-002
  4.196078195591578E-002
  4.677583098829949E-002
  0.168490567603734     
  0.196395832868612     
  0.222985963720585     
  0.220551973630375     
  0.201321599745913     
  0.130093274138533     
  9.676789362400121E-002
  7.589352499711602E-002
  4.775926541076118E-002
  2.208553571251086E-002
  2.104939805617090E-002
  1.895298520347651E-002
  1.585885321542710E-002
  1.207779138812374E-002
  1.145173095382693E-002
  1.032409826164376E-002
  8.704804393437481E-003
  7.474969885830583E-003
  6.956183662571894E-003
  6.798864923963447E-003
  6.789388469438733E-003
  7.340393361203365E-003
  8.208519215711337E-003
  6.924040369089965E-003
  5.833025424535650E-003
  5.537878080380196E-003
  5.751180186689326E-003
  6.596859935192411E-003
  4.466075521439750E-002
  8.224123256424283E-002
  7.713227966836579E-002
  5.969627683255593E-002
  4.362907798627703E-002
  2.365948512039905E-002
  2.928706229876772E-002
  7.321278264076350E-002
  4.500022542447679E-002
  2.587932754292790E-002
  2.410607892778651E-002
  7.493790322859775E-002
  7.601137240030741E-002
  1.927492400330535E-002
  9.477121683567701E-003
  1.100326246706534E-002
  5.439952094703266E-002
  4.036509622994332E-002
  3.059047054246112E-002
  1.607413074678718E-002
  1.552848507452292E-002
  1.561845547263015E-002
  1.587007036438213E-002
  1.550937638858816E-002
  1.569841339173573E-002
  1.451238738198091E-002
  1.107249676828598E-002
  1.149575500293468E-002
  2.925873750644066E-002
  8.009622551067119E-002
  0.123251613561697     
  0.134926711236379     
  3.294714893217644E-002
  1.092619925077921E-002
  1.549238822135616E-002
  1.471829842002353E-002
  2.361314423611591E-002
  5.192378136299170E-002
  5.959144238644558E-002
  0.121744154571993     
  0.221332069341928     
  0.181730880174374     
  0.118426307259898     
  8.386617593615368E-002
  0.112450131181632     
  5.494574477562254E-002
  2.228104871231053E-002
  1.818292683202059E-002
  1.336060802447975E-002
  1.203822563128307E-002
  1.196623919972134E-002
  1.105431334117021E-002
  9.058101557371299E-003
  7.661926702024635E-003
  6.777227810083306E-003
  6.699691183959230E-003
  6.697174644650759E-003
  6.811840223271370E-003
  7.279129575818955E-003
  7.138856289301474E-003
  6.145921850212191E-003
  5.589269380756441E-003
  5.650055553028756E-003
  6.247493791688985E-003
  1.895904496785523E-002
  9.006932869534284E-002
  0.104153548275467     
  0.110154836780537     
  0.102194198130784     
  7.273757845870610E-002
  3.910581956887450E-002
  0.114328358295066     
  0.133753680842417     
  7.915552122865542E-002
  3.967121175387226E-002
  0.109938335478388     
  0.122741333296380     
  6.836537129789580E-002
  1.528763213061464E-002
  1.079668849928313E-002
  5.225162045916582E-002
  7.464316520956407E-002
  6.391298651931655E-002
  3.077830152999325E-002
  1.551294523923009E-002
  1.567196829982004E-002
  1.575859023538811E-002
  1.496447442619514E-002
  1.388344722420665E-002
  1.355727237071551E-002
  1.239390260266789E-002
  1.102668585177828E-002
  1.254855055383301E-002
  3.889385135630035E-002
  8.710853789251230E-002
  0.134980582244760     
  2.233959395246261E-002
  8.720650479689838E-003
  9.534192008356710E-003
  1.029348485417788E-002
  1.624612971406983E-002
  1.932647243454116E-002
  2.463238853285444E-002
  0.116935771300521     
  0.221552406303947     
  0.172453664957139     
  0.106987600206827     
  0.100374384688745     
  6.150466821148623E-002
  2.004238541866911E-002
  2.104946992231491E-002
  1.282754169854307E-002
  1.140791590796137E-002
  1.240744849683270E-002
  1.211321792865036E-002
  1.010452086133764E-002
  7.829887584980740E-003
  6.699404190110744E-003
  6.681234726654190E-003
  6.525004146613857E-003
  6.551345677273493E-003
  6.742815568660896E-003
  6.898674134138309E-003
  6.415581055337879E-003
  5.690469359253841E-003
  6.193254713700636E-003
  6.237577540978187E-003
  1.061357538841883E-002
  9.131177819605781E-002
  0.121782841590944     
  0.144617033836870     
  0.155575597124035     
  0.146658271487972     
  8.277749503647105E-002
  0.145176566006394     
  0.222099043551871     
  0.194216628992349     
  0.112180409974691     
  0.125172301150111     
  0.176593077315961     
  0.127990531434215     
  4.986183065344755E-002
  1.258281542832046E-002
  1.163909368477817E-002
  6.744264311766342E-002
  9.598996491249917E-002
  6.821615065915931E-002
  1.827124554652526E-002
  1.592550460295601E-002
  1.574564794413619E-002
  1.516992466386405E-002
  1.331011777789746E-002
  1.276982701724276E-002
  1.306346160543845E-002
  1.122735379249447E-002
  1.113759176939850E-002
  1.594457597752765E-002
  5.360849915940008E-002
  9.877184578114198E-002
  0.132389618433792     
  8.912473273080087E-003
  7.557928215101251E-003
  7.720692010880004E-003
  7.960403086861547E-003
  9.539491689141300E-003
  1.223643494262211E-002
  1.341263740010078E-002
  2.240027196488238E-002
  0.175246197666043     
  0.212313447673959     
  0.121343429864464     
  9.407980144831263E-002
  7.071620493109051E-002
  2.607659584310370E-002
  1.977842159790696E-002
  1.600722094154968E-002
  1.168826932355910E-002
  1.224392880665888E-002
  1.255087046959777E-002
  1.150965485794303E-002
  8.924535760664518E-003
  6.898498670376231E-003
  6.634219556908517E-003
  6.609969188847869E-003
  6.536188156077623E-003
  6.553487588625385E-003
  6.640574156349140E-003
  6.713223671531381E-003
  6.226695369337489E-003
  6.449609237312959E-003
  7.966865427134271E-003
  7.908167363724310E-003
  5.063564451017864E-002
  0.140950082573094     
  0.160837288811455     
  0.173120799767417     
  0.183413740624074     
  0.165820702318522     
  0.166293000521429     
  0.285426613240961     
  0.264953909562899     
  0.241032047767709     
  0.175108196287729     
  0.195026063707261     
  0.178024300584056     
  0.117380737338860     
  3.894194664049613E-002
  1.218068894821240E-002
  3.080871702028727E-002
  9.246649424424484E-002
  0.106333364700950     
  5.238973560627769E-002
  1.689394976507676E-002
  1.587091879222809E-002
  1.527732974279970E-002
  1.349127255976781E-002
  1.208249461647721E-002
  1.209252730934188E-002
  1.180731443140704E-002
  1.092289489077709E-002
  1.075749767414844E-002
  2.916869276249967E-002
  7.102666145668991E-002
  0.107149747281447     
  6.726025180052907E-002
  7.096410420930834E-003
  6.994444110550153E-003
  7.057110824598461E-003
  9.664941008050624E-003
  1.039823116161067E-002
  1.638308929185283E-002
  8.901537507516849E-002
  0.153152022638601     
  0.122956297967168     
  9.911278518335927E-002
  8.035516679912644E-002
  4.591568085217478E-002
  2.217101218292418E-002
  1.490551155103198E-002
  1.111706006836779E-002
  1.127571346452735E-002
  1.272951828620992E-002
  1.238959805146623E-002
  1.084718012976024E-002
  7.907989306444322E-003
  6.753135596990103E-003
  6.761824467895011E-003
  6.702267146848783E-003
  6.666918263719293E-003
  6.646378756631987E-003
  6.731847079456425E-003
  6.789825552164055E-003
  6.154812799679743E-003
  9.001386241782415E-003
  9.152852529500471E-003
  1.784132021469513E-002
  0.136202452483611     
  0.172234167485834     
  0.190211251561028     
  0.200307346415124     
  0.224001407631875     
  0.260891231399315     
  0.321115843310104     
  0.314159075432537     
  0.292811923221592     
  0.267928764433031     
  0.241385845606459     
  0.211598576029458     
  0.176867591324628     
  0.107487395521749     
  4.018980188651271E-002
  1.558559748948920E-002
  2.864076746267779E-002
  0.107016635792980     
  0.113691960728717     
  2.442016422968451E-002
  1.624793571246867E-002
  1.557914919990597E-002
  1.452274609054448E-002
  1.246378233452742E-002
  1.140350826815437E-002
  1.189338889687912E-002
  1.099250615376605E-002
  1.054189379531488E-002
  1.407411582368542E-002
  4.602896753454888E-002
  8.111330725102298E-002
  0.106114571113441     
  7.350836393238593E-003
  6.988413659113038E-003
  6.763259465027793E-003
  6.622594832000683E-003
  7.782664377400572E-003
  8.770169326888358E-003
  1.184335568457255E-002
  5.596558764115254E-002
  0.134022248874157     
  9.697621188004553E-002
  7.299989833093135E-002
  8.259682245175833E-002
  1.611775704080685E-002
  1.179996327758388E-002
  2.140155594931191E-002
  1.311090123670763E-002
  1.104999178369164E-002
  1.250926781950677E-002
  1.269173805948324E-002
  1.225231697225670E-002
  9.855736906193903E-003
  7.132630932270333E-003
  6.695705053602105E-003
  6.656131747396214E-003
  6.729427596422625E-003
  6.753429707577922E-003
  6.704231742225722E-003
  7.311699541368455E-003
  6.823186837988419E-003
  6.636133808793300E-003
  1.269843949425522E-002
  9.718570430057246E-003
  4.770418647266592E-002
  0.179473864935678     
  0.202841534752218     
  0.222003376561005     
  0.242775937156936     
  0.323661958465971     
  0.339666787196572     
  0.339956624451243     
  0.330390076323220     
  0.315180124374274     
  0.294075310000114     
  0.258908148408688     
  0.206040577070808     
  0.171829398649361     
  0.102122671100030     
  4.471134727715005E-002
  1.902805770093173E-002
  0.100097201543387     
  0.100877807239606     
  9.564981032464470E-002
  1.819810520812510E-002
  1.572149894500451E-002
  1.530923126683875E-002
  1.417590466735835E-002
  1.167584681418792E-002
  1.131840065954362E-002
  1.098501211992633E-002
  1.049409498180597E-002
  9.811182412982370E-003
  2.355771297306956E-002
  5.039603735242538E-002
  8.475673082928753E-002
  3.739632188749352E-002
  6.746977441040290E-003
  6.653403077079519E-003
  6.622428007451470E-003
  8.112450677381899E-003
  1.202839654797965E-002
  6.101067837221267E-002
  0.105275923618880     
  9.603727951521392E-002
  7.785659053594467E-002
  5.944157108577043E-002
  2.970058243578542E-002
  1.053299463599243E-002
  1.237579308496178E-002
  4.611290883851918E-002
  1.113959487774193E-002
  1.199191186789357E-002
  1.298773475512000E-002
  1.300629002349368E-002
  1.166537532957915E-002
  9.025139692156604E-003
  6.788594110990148E-003
  6.598579904456517E-003
  6.586672155013007E-003
  6.746225086674351E-003
  6.803191365135378E-003
  7.708980274179374E-003
  7.874346821247184E-003
  7.416417469177912E-003
  7.746450252189021E-003
  1.548279914291854E-002
  1.370614232898565E-002
  0.152447098245525     
  0.213955349949120     
  0.239655176004733     
  0.324554774621080     
  0.340575780911929     
  0.350024697707274     
  0.354553600580975     
  0.351068071581415     
  0.342536441677303     
  0.328498891840987     
  0.300270402696353     
  0.245044965019965     
  0.197603320972937     
  0.132904069180520     
  0.102982258376038     
  6.423931281044069E-002
  4.427984309005498E-002
  9.432473293182947E-002
  0.126157708430978     
  2.513052858310313E-002
  1.645403361657066E-002
  1.542129376692493E-002
  1.466415008860690E-002
  1.279032336162358E-002
  1.088316753561084E-002
  1.089941490199074E-002
  1.031118947055768E-002
  9.495750450823062E-003
  9.412685799658206E-003
  1.362198605167551E-002
  2.341232180671795E-002
  3.432648391295208E-002
  7.305775066670600E-003
  6.773748802068296E-003
  6.487156533363268E-003
  6.384928066609133E-003
  7.628940976111122E-003
  1.020031558674281E-002
  2.091062331777602E-002
  8.346135332113068E-002
  8.835165176003336E-002
  7.857698070298484E-002
  6.066469237492032E-002
  3.929954072791100E-002
  1.058580698362085E-002
  1.009673849238499E-002
  9.883495256266476E-003
  1.146401201503775E-002
  1.176791010384690E-002
  1.286279891409651E-002
  1.327044315567837E-002
  1.402425870321342E-002
  1.373008109515902E-002
  8.415954711604815E-003
  6.606957088594524E-003
  6.559694072961184E-003
  6.691552308125452E-003
  6.846100999446334E-003
  7.339517688209884E-003
  8.383137208430065E-003
  8.428398784873904E-003
  8.141168980803517E-003
  1.181672940384063E-002
  1.953031811799268E-002
  2.366341552746039E-002
  0.201335209194804     
  0.278066211873302     
  0.344743917008954     
  0.355071756731032     
  0.359662819532392     
  0.365363718851347     
  0.364491454913714     
  0.358889073042788     
  0.349014307126978     
  0.326258614012752     
  0.280566553846975     
  0.219149799035362     
  0.139076992565938     
  0.106120135571053     
  0.108250585407169     
  7.800225667474542E-002
  8.980745869431303E-002
  8.592558831553399E-002
  0.131384512663627     
  1.772833385751395E-002
  1.542650947250760E-002
  1.482259041874784E-002
  1.395513201492900E-002
  1.217453449998296E-002
  1.040175794708312E-002
  1.038123899644702E-002
  9.001183791384869E-003
  8.638634467475165E-003
  8.735046230121593E-003
  1.088288490555188E-002
  1.226474707119745E-002
  1.063073068546762E-002
  6.462515885489458E-003
  6.289742794140315E-003
  6.856117827621011E-003
  7.603191421164244E-003
  1.054217499408664E-002
  6.236859441711205E-002
  7.442860632010763E-002
  7.245956543178092E-002
  6.051218727686560E-002
  4.651734126919415E-002
  1.127468339276343E-002
  9.957033457061705E-003
  8.714425574536274E-003
  8.816992059878537E-003
  1.103206245997956E-002
  1.213766749796020E-002
  1.321324417021344E-002
  1.379400722004067E-002
  2.106279576156782E-002
  1.355064459609582E-002
  6.642890233575660E-003
  6.527587420324964E-003
  6.621980489509890E-003
  6.823294012913645E-003
  7.234298107299421E-003
  8.546140512656770E-003
  8.788732126120769E-003
  9.190140291979480E-003
  9.410082075708533E-003
  3.435648958607306E-002
  1.765569468813890E-002
  3.593967751427066E-002
  0.326175830138254     
  0.350819866491885     
  0.360342698197261     
  0.367569679203421     
  0.372284480777233     
  0.375197212744665     
  0.372602617594468     
  0.363773008768073     
  0.344224314098055     
  0.292854568440957     
  0.234153055653700     
  0.163345864757928     
  5.963768124617701E-002
  9.913472245056450E-002
  0.104093577864049     
  8.669777125042495E-002
  6.948225306218947E-002
  0.135721014712270     
  1.891636314449656E-002
  1.560880458739749E-002
  1.403373888919786E-002
  1.330528862573462E-002
  1.223493709376833E-002
  1.090247449535206E-002
  1.036731097736206E-002
  9.053072425349626E-003
  8.213530418128775E-003
  7.963317871941379E-003
  8.665551388185273E-003
  8.974988241753230E-003
  8.680947585493030E-003
  6.936528990623032E-003
  6.372213185446205E-003
  6.099905408386105E-003
  6.433272301146715E-003
  6.688795541233062E-003
  9.674197624396140E-003
  2.100212096315143E-002
  6.338514392476287E-002
  6.189529576330707E-002
  5.477507586255059E-002
  4.419666407156402E-002
  1.725642673798316E-002
  1.002614080669280E-002
  8.005302700527102E-003
  7.848896305007657E-003
  8.701909242806520E-003
  1.154473080049707E-002
  1.264983333452273E-002
  1.340023091197854E-002
  1.723514115966390E-002
  2.128128968249270E-002
  7.002976954000490E-003
  6.331002463904375E-003
  6.554041211553171E-003
  6.810464682243847E-003
  7.166515654944157E-003
  8.239181144546309E-003
  8.977801540277710E-003
  9.627644421616588E-003
  9.958620240503948E-003
  1.653701100411058E-002
  3.042060507270352E-002
  1.471347373791443E-002
  0.275159275741522     
  0.343516913351308     
  0.359574719876298     
  0.368676674202837     
  0.374966721270815     
  0.378629711400476     
  0.379284525521017     
  0.374137833798878     
  0.355204926824968     
  0.290224022098500     
  0.209517431648936     
  0.152981427710662     
  5.999285559926823E-002
  5.260680718997048E-002
  0.113340911602253     
  9.109566470829136E-002
  6.962446661582895E-002
  8.104232460038369E-002
  6.868565999335165E-002
  1.624560772989945E-002
  1.398857565804919E-002
  1.297323298653453E-002
  1.234658236017402E-002
  1.137974700787265E-002
  1.038346567719587E-002
  9.483884553746156E-003
  7.999824334603393E-003
  7.746809367469133E-003
  7.474470052561542E-003
  7.789478766760225E-003
  7.764454738023692E-003
  6.830290363748811E-003
  6.116476774975439E-003
  6.876557169032746E-003
  6.477160188509089E-003
  7.189723623075414E-003
  9.553233321063321E-003
  4.697970438360547E-002
  5.455447030366588E-002
  5.072726298827187E-002
  4.212256766526543E-002
  2.941804156254343E-002
  9.990923920504210E-003
  7.684316157436128E-003
  7.030546838540550E-003
  7.784755536800953E-003
  9.268143430321190E-003
  1.125413541066970E-002
  1.292766214694683E-002
  1.315500092713246E-002
  3.744241047914821E-002
  8.023185177994602E-003
  6.320386157522321E-003
  6.455035701880378E-003
  6.829979713106957E-003
  7.251184561190147E-003
  7.858240339407047E-003
  9.042196469667847E-003
  9.480657289022087E-003
  1.029907848770777E-002
  1.046391953115117E-002
  5.459171908822263E-002
  2.153510140965461E-002
  2.095874523552813E-002
  0.305524619362200     
  0.349166424816826     
  0.361398306640301     
  0.372668859016306     
  0.380563514759295     
  0.382901057188352     
  0.379161069147197     
  0.364089091670716     
  0.286801964548482     
  0.101613514457425     
  3.184527825775479E-002
  2.916859476204904E-002
  3.767747334349145E-002
  9.763264221410523E-002
  8.710848710652286E-002
  6.858499657919982E-002
  6.519731892662645E-002
  8.060969747137597E-002
  1.723133774578779E-002
  1.477843115045657E-002
  1.292989308778983E-002
  1.224526682644421E-002
  1.143820921884936E-002
  1.076035384669943E-002
  9.876186455417536E-003
  8.478423616878162E-003
  7.488247756175607E-003
  7.350855238855199E-003
  6.947682788400397E-003
  6.629383000720409E-003
  6.708680019878010E-003
  6.161843319914514E-003
  5.872646604873439E-003
  6.986422434467118E-003
  1.326743816330157E-002
  6.385610216061287E-003
  9.075025039659719E-003
  2.175329367360518E-002
  4.541104447138294E-002
  4.355212751579134E-002
  3.888082585164129E-002
  3.133451024942750E-002
  1.155203579298247E-002
  8.590555209370377E-003
  6.912190489094749E-003
  7.057920233812161E-003
  8.069240776454495E-003
  9.899785168421949E-003
  1.162156867460358E-002
  1.278643776450164E-002
  1.201104360874243E-002
  1.009999277306484E-002
  6.210620458463947E-003
  6.315087473433913E-003
  6.571052760745347E-003
  7.089849367148082E-003
  7.815983113159827E-003
  8.723868223156114E-003
  9.132985291471033E-003
  1.028322765078528E-002
  1.058361793075694E-002
  1.412831880528325E-002
  3.499991168729905E-002
  1.276892983698476E-002
  4.665771058424372E-002
  0.268573376796870     
  0.328443625787296     
  0.348350321463007     
  0.375685650375269     
  0.384219211902179     
  0.383276416820645     
  0.365359440733624     
  0.302361128418526     
  0.132549857174241     
  2.707407747063829E-002
  2.620671044355766E-002
  2.888103375751601E-002
  6.650431750548948E-002
  8.930107244134901E-002
  6.837486839638288E-002
  6.236471366637112E-002
  5.014766004928569E-002
  1.976074235102086E-002
  1.538098891602752E-002
  1.315552093934056E-002
  1.230215397801489E-002
  1.150856410372658E-002
  1.068706915833002E-002
  9.935061880611168E-003
  9.151484667004750E-003
  7.860117947505709E-003
  7.437598920510662E-003
  6.590679898456491E-003
  6.269737380420994E-003
  5.453204462376119E-003
  5.539642251641065E-003
  7.007293914202953E-003
  1.752467005760153E-002
  6.107072462404042E-003
  7.928757788939807E-003
  9.229220950348319E-003
  3.248737828532286E-002
  3.845938917977438E-002
  3.635908986934233E-002
  3.234148352999885E-002
  2.110206114348431E-002
  9.499627682840460E-003
  7.001200631807447E-003
  6.416519764393525E-003
  7.309399754669964E-003
  8.583556023806111E-003
  1.002781569757894E-002
  1.127674463802220E-002
  1.157882068709742E-002
  8.202205081614330E-003
  6.157082726315551E-003
  6.223747089473831E-003
  6.457636124514606E-003
  6.922889835893625E-003
  7.590366691688167E-003
  8.476848244508232E-003
  8.941926661055172E-003
  1.032528845064401E-002
  1.151732838074598E-002
  1.054926861071539E-002
  8.637746033769197E-002
  1.151110476989029E-002
  1.243226506819632E-002
  2.149507229188118E-002
  6.501168962167285E-002
  0.314866521099896     
  0.342312531261193     
  0.379446789206467     
  0.385536844973014     
  0.361220811710196     
  0.286121826622880     
  7.733652270632246E-002
  2.497474240576101E-002
  2.442757210117901E-002
  2.762537511834092E-002
  4.979473694996187E-002
  7.289790132029630E-002
  6.280133917462374E-002
  5.283091193741313E-002
  4.369706758627814E-002
  2.250964326732689E-002
  1.680261975348613E-002
  1.326398631413157E-002
  1.238598530473912E-002
  1.163930349147102E-002
  1.084031867135502E-002
  9.946115749189650E-003
  9.253807743835126E-003
  8.477254178661717E-003
  7.527642010302481E-003
  7.093307121537488E-003
  6.311724403234648E-003
  5.503141351381191E-003
  5.102732031821557E-003
  4.742638332049749E-003
  5.809387757019543E-003
  1.645747658153278E-002
  1.089274884128415E-002
  7.245764670978622E-003
  7.995416344295276E-003
  1.720560568960858E-002
  2.686005933535596E-002
  2.914371879162530E-002
  3.074922657150364E-002
  2.729169597262578E-002
  1.007005573650663E-002
  8.099830719985799E-003
  6.327189805741154E-003
  6.765539554962860E-003
  7.568123528309859E-003
  8.995113401284392E-003
  1.042145136934598E-002
  1.024684246488414E-002
  8.726673085624383E-003
  5.999251880234395E-003
  6.092909014826091E-003
  6.338192806289869E-003
  6.884566347054275E-003
  7.532906578712380E-003
  8.229607801669944E-003
  8.631961865235604E-003
  9.471323809600066E-003
  1.287570174298486E-002
  1.115249609926118E-002
  1.043791542462289E-002
  9.919155315590379E-003
  1.047912650825058E-002
  1.411921251524312E-002
  2.062269191848324E-002
  0.153957416735266     
  0.310301615845436     
  0.343694454253820     
  0.380922585575735     
  0.356712778280884     
  0.257549078233542     
  0.151369939937599     
  2.518179138115228E-002
  2.848068655220310E-002
  4.423375430338434E-002
  5.197372468649326E-002
  6.148755626897584E-002
  5.811921424482733E-002
  4.270483513615964E-002
  3.162334010376951E-002
  2.474011596106282E-002
  1.950131404400934E-002
  1.416953613267346E-002
  1.215189891842991E-002
  1.167616528906078E-002
  1.098662083872616E-002
  1.025119972117572E-002
  9.369789184443296E-003
  8.710824837337842E-003
  7.793926140648710E-003
  7.300785912021693E-003
  6.171555260645985E-003
  6.160379277336909E-003
  4.991997511284660E-003
  4.652236988053421E-003
  1.124255424309934E-002
  1.499007291223775E-002
  7.119967343371883E-003
  9.120871686414978E-003
  9.329354184554210E-003
  1.901486866053987E-002
  2.226115084353820E-002
  2.617405958173886E-002
  2.673752958693218E-002
  1.615292666140100E-002
  9.210857590610532E-003
  6.692902131819742E-003
  6.403955257151573E-003
  6.776390044668392E-003
  7.872986950030443E-003
  9.228683092204556E-003
  9.631468071250756E-003
  8.502963955346674E-003
  6.445820688837045E-003
  5.836400215180746E-003
  6.203567796124816E-003
  6.657997023803573E-003
  7.471241132527042E-003
  8.614047770014560E-003
  8.390903326071527E-003
  8.957084507965710E-003
  1.176664411328426E-002
  1.277566911318856E-002
  1.071118046650616E-002
  1.024289134138302E-002
  9.272575807691658E-003
  1.330706356885502E-002
  1.742923503787011E-002
  1.889216899384180E-002
  0.179386300979445     
  0.306388478283229     
  0.339402429768300     
  0.354888107039015     
  0.175387577483032     
  4.522941284376977E-002
  2.525983895857736E-002
  3.887601403404198E-002
  5.413379617888480E-002
  3.147212962790293E-002
  5.517320912881155E-002
  5.005433451130219E-002
  3.803782428878274E-002
  3.218959249428843E-002
  2.536583685172917E-002
  2.144874424191745E-002
  1.699350325140915E-002
  1.229808832781683E-002
  1.148946008695334E-002
  1.089961115404428E-002
  1.036267470332223E-002
  9.508859346593290E-003
  8.749551813764722E-003
  8.067111526929873E-003
  7.198546285579555E-003
  6.618106617572042E-003
  5.866024056881140E-003
  5.040729909371589E-003
  4.537055109046971E-003
  4.059897238868906E-003
  4.999011375752285E-003
  1.019654359717681E-002
  9.392867991750618E-003
  6.725961285654776E-003
  9.993602403025808E-003
  1.122348279126335E-002
  1.710991582731336E-002
  1.933445487237062E-002
  2.244397068979218E-002
  2.119384626539946E-002
  9.923135722886816E-003
  7.814462748986123E-003
  6.379789616580330E-003
  6.550002549590197E-003
  6.984889424374135E-003
  8.157499677971707E-003
  8.858649428994361E-003
  7.870176877125287E-003
  6.357024195953349E-003
  5.459516526766966E-003
  5.899127464621375E-003
  6.452421886172272E-003
  7.118187338991178E-003
  9.608227230803689E-003
  1.041980433458366E-002
  9.021087067322410E-003
  1.058378132384835E-002
  1.406124212273105E-002
  1.160519345462968E-002
  1.066568520405285E-002
  1.060623366476074E-002
  1.195489778491285E-002
  3.287351012843414E-002
  1.555172666846319E-002
  1.679024618481583E-002
  0.201912008203542     
  0.296690767579192     
  0.304294087112272     
  0.246976619712677     
  4.398189239341581E-002
  2.265744729068165E-002
  3.474693156415769E-002
  6.541291748915527E-002
  4.373920050898417E-002
  7.109113792889378E-002
  4.141426279130501E-002
  3.454210395011845E-002
  2.990600034167766E-002
  2.622740867124083E-002
  2.212212478024951E-002
  1.866982756341792E-002
  1.404175868691622E-002
  1.137140752627794E-002
  1.084840866383354E-002
  1.035214067374492E-002
  9.672796076575627E-003
  9.002051932152066E-003
  8.173826844895805E-003
  7.184282596174874E-003
  6.589709550729314E-003
  5.722007083278855E-003
  5.370484719311784E-003
  4.574982735437828E-003
  3.980790531427452E-003
  5.813680053732938E-003
  8.058367352310703E-003
  6.480471339545324E-003
  8.944460752602672E-003
  8.468923972092875E-003
  1.112378343537490E-002
  1.339680443824215E-002
  1.662004187899197E-002
  1.687767584087120E-002
  1.299992706730919E-002
  9.178907461177757E-003
  6.710559776121606E-003
  6.247152009153549E-003
  6.450862607599128E-003
  7.168329002863310E-003
  7.857072744507991E-003
  7.406895072929985E-003
  6.603280570083525E-003
  5.336113519451739E-003
  5.405723522355735E-003
  6.071850244976596E-003
  6.822523631872472E-003
  7.479228181993670E-003
  1.167386910252930E-002
  1.295516736868884E-002
  1.073447501178085E-002
  1.487694392229091E-002
  1.405931071590037E-002
  1.152349300741442E-002
  1.284062563771327E-002
  3.870524449653832E-002
  3.057585128956534E-002
  2.326542143072404E-002
  1.556486727098967E-002
  2.002392604346555E-002
  0.198803309364321     
  0.252131698242641     
  0.199157401705552     
  5.308184948217332E-002
  2.268412008876571E-002
  3.539135272546794E-002
  6.890986944181841E-002
  6.114547866939175E-002
  4.307471494303708E-002
  3.333339662899965E-002
  3.050873089270326E-002
  2.685193238713636E-002
  2.483270142438153E-002
  2.125548459443037E-002
  1.987491589786657E-002
  1.620282420286720E-002
  1.159839417414085E-002
  1.075883966563435E-002
  1.037579860248161E-002
  9.802294456882400E-003
  9.126264837681562E-003
  8.344125099620812E-003
  7.421926500751910E-003
  6.648983614471179E-003
  6.090354698427189E-003
  5.417896299391919E-003
  4.689960451022134E-003
  3.791954620871403E-003
  3.316004138033497E-003
  3.482391648728846E-003
  5.789403688256494E-003
  6.949189630998514E-003
  5.456737105825821E-003
  7.441662759698756E-003
  8.541507927173116E-003
  9.599468800210681E-003
  1.130324920297356E-002
  1.349350558335882E-002
  1.260847835205294E-002
  1.013541372876058E-002
  7.773131673872959E-003
  6.326239375915681E-003
  6.176218220553487E-003
  6.455203927897888E-003
  6.648681793761280E-003
  6.799903808658600E-003
  6.557512855360120E-003
  5.096946168764979E-003
  5.133860536364741E-003
  5.686617451323422E-003
  6.479150573621184E-003
  7.055921141260836E-003
  8.267793278856721E-003
  1.724611655647080E-002
  1.835155738146616E-002
  2.072365009573979E-002
  2.157597782240799E-002
  1.297579950452286E-002
  1.300054402361870E-002
  2.755364075252432E-002
  6.020327634801492E-002
  2.514522310964368E-002
  1.642153983985175E-002
  1.569187544707783E-002
  1.992926400907431E-002
  0.125662002717720     
  0.106555249180184     
  3.717520999202298E-002
  2.240313406245546E-002
  2.656703329957345E-002
  9.252761613640732E-002
  8.761053227930445E-002
  6.161364112939208E-002
  3.289940661377336E-002
  2.605105945854784E-002
  2.449375801897604E-002
  2.230701923322495E-002
  2.067134499045056E-002
  1.847159907495993E-002
  1.664796733575737E-002
  1.336209876504113E-002
  1.113698730427834E-002
  1.061927393025384E-002
  9.859966553597282E-003
  9.224989437371310E-003
  8.523549700434759E-003
  7.772322119537698E-003
  6.940608117239687E-003
  6.217280242720331E-003
  5.617642805167276E-003
  5.006951667695092E-003
  4.051773147850384E-003
  3.243586113518598E-003
  3.528562901535166E-003
  6.342888985288488E-003
  6.014020912731144E-003
  6.438927217956185E-003
  7.434783491034990E-003
  7.379217207767645E-003
  8.223789314279488E-003
  1.083244335122119E-002
  1.148926959842753E-002
  1.042610254081210E-002
  9.336423602119679E-003
  6.718786094996191E-003
  6.064413993544943E-003
  6.160242614375256E-003
  6.103017079177655E-003
  5.984779843438146E-003
  6.144502929762668E-003
  5.330917097048132E-003
  4.929767474509514E-003
  5.399604740533085E-003
  6.017480635230841E-003
  6.493766717499634E-003
  7.118666261968588E-003
  1.303728174347547E-002
  4.999590798329149E-002
  3.687419172863431E-002
  3.753563024571394E-002
  2.770611402069727E-002
  1.367772812927135E-002
  3.845451330980063E-002
  9.085811555966777E-002
  2.919608214135774E-002
  1.965050505613087E-002
  1.499051911430758E-002
  1.528472675999988E-002
  1.535277600421789E-002
  3.274157379077709E-002
  2.967584920384810E-002
  2.265209060653491E-002
  2.287800255743937E-002
  7.992287230299035E-002
  0.184876848740305     
  8.421291886294439E-002
  4.200784364290976E-002
  2.509488131157662E-002
  2.268383312191524E-002
  2.133441285473030E-002
  1.966211652935100E-002
  1.867304587021670E-002
  1.714319759958390E-002
  1.413415377556023E-002
  1.168770963181852E-002
  1.067602141051787E-002
  9.815477049687413E-003
  9.208825193138020E-003
  8.506924238276510E-003
  7.853403630407998E-003
  7.008689773608296E-003
  6.375319915015234E-003
  5.915948829685809E-003
  5.369561020526930E-003
  4.519377929968480E-003
  3.574618059407059E-003
  3.121386602657281E-003
  3.474527128724653E-003
  4.249363796162611E-003
  6.008397817042043E-003
  4.482282935363475E-003
  6.520973198712330E-003
  5.939804900698804E-003
  5.466004337297914E-003
  7.364976659750943E-003
  9.630630925419862E-003
  9.453510383811819E-003
  9.320492454084658E-003
  8.006520595824698E-003
  6.498646807041378E-003
  5.937572457469407E-003
  5.915479013348335E-003
  5.443853571214486E-003
  5.700445607714093E-003
  5.508085058163669E-003
  4.745394377367393E-003
  5.343664207779428E-003
  5.815731028072110E-003
  6.049068719651595E-003
  6.470915458909372E-003
  7.518290738105620E-003
  4.502466159961450E-002
  0.170730733765832     
  0.166387048434133     
  0.167065233042131     
  2.957320243295644E-002
  1.443411767431484E-002
  7.835760938166490E-002
  3.339855520264301E-002
  2.099901190627747E-002
  1.482548987785292E-002
  1.485915378697288E-002
  1.453958447230996E-002
  1.435129885181056E-002
  1.695907277413783E-002
  2.151362179768062E-002
  2.006974838243088E-002
  5.565466411051639E-002
  0.204514836626059     
  0.177909459667786     
  4.994163841151784E-002
  3.064543557022050E-002
  2.312550404669298E-002
  2.098063582237765E-002
  2.011720369854918E-002
  1.943429089869681E-002
  1.828067105370001E-002
  1.461149521491986E-002
  1.216291063483398E-002
  1.091473475908872E-002
  1.010954846126288E-002
  9.079565381918243E-003
  8.654133209046230E-003
  7.951447867028746E-003
  7.155352309762884E-003
  6.342833494697627E-003
  5.834939279380895E-003
  5.400475872064885E-003
  4.788251890299054E-003
  4.109024100408915E-003
  3.378436125093679E-003
  4.071964408954676E-003
  5.751499426208273E-003
  5.349448527719167E-003
  4.711995410150562E-003
  4.639007039826461E-003
  4.857344932318849E-003
  5.346218317773844E-003
  6.533060535865759E-003
  7.890370642060916E-003
  7.934877933127681E-003
  7.820498386532324E-003
  7.102386526175307E-003
  5.557446501764161E-003
  5.576155450132447E-003
  5.342968716994184E-003
  5.848605281479027E-003
  5.907629809780096E-003
  4.956801159602896E-003
  4.941418342340242E-003
  5.443850328715061E-003
  5.799751548736632E-003
  6.116353042636185E-003
  6.627243742310164E-003
  1.240495721659979E-002
  0.175360362979573     
  0.237177054828566     
  0.355178636579701     
  0.244194242707847     
  1.803185119896407E-002
  1.537393128961170E-002
  4.074005946755426E-002
  1.602359171323036E-002
  1.381187587207604E-002
  1.300422930061002E-002
  1.458137649501995E-002
  1.445765257816640E-002
  1.399284211826095E-002
  1.540828788065522E-002
  1.834198004167829E-002
  3.276215543967955E-002
  0.171444894442201     
  0.177233639281687     
  5.253163001698118E-002
  3.300520652861242E-002
  2.400016458562918E-002
  2.071311655257893E-002
  2.019527038427486E-002
  1.972838813019351E-002
  1.839880657183084E-002
  1.527522484994079E-002
  1.265272710520633E-002
  1.139701639981818E-002
  1.039666745720644E-002
  9.500724773712617E-003
  8.381681022685675E-003
  7.805156516489503E-003
  7.272299398881428E-003
  6.390028386172769E-003
  5.679233115137903E-003
  5.227378597390675E-003
  4.750969910063083E-003
  4.164813721511778E-003
  3.794587168414762E-003
  3.771798289747619E-003
  4.180529245441037E-003
  4.407759321519750E-003
  5.861078739944813E-003
  4.627042288976432E-003
  4.359017364600143E-003
  4.699421999457183E-003
  4.943139138111017E-003
  5.329053819852252E-003
  5.928629361021647E-003
  6.606537583677874E-003
  7.022639062837929E-003
  6.263844356196858E-003
  5.712869450625214E-003
  4.929867707086657E-003
  5.004495057680678E-003
  5.695973280301744E-003
  7.678183336208526E-003
  4.996192889708258E-003
  4.619159824726509E-003
  4.815864091923363E-003
  5.499572128804085E-003
  6.109703777948599E-003
  7.102532823032438E-003
  8.341019744998573E-003
  6.113382206852726E-002
  0.233808134728673     
  0.364164673259117     
  0.380008824959774     
  0.105665197189313     
  1.537861904076050E-002
  1.682358608445092E-002
  1.712884458360023E-002
  1.434586635051566E-002
  1.323481704310878E-002
  1.397759610507422E-002
  1.439925922872156E-002
  1.447795688350250E-002
  1.394613105279038E-002
  1.471179014847960E-002
  1.647211853463357E-002
  8.695552894908103E-002
  8.874357683162923E-002
  4.657463959391352E-002
  3.247381280658468E-002
  2.391228451163472E-002
  2.046251062176385E-002
  1.939161976936071E-002
  1.907186407030594E-002
  1.817993107673829E-002
  1.547451906822443E-002
  1.270984072479441E-002
  1.159660611502686E-002
  1.067400437428530E-002
  9.852670710278169E-003
  8.484775389440469E-003
  7.699201163035641E-003
  7.020403817884208E-003
  6.244731002502216E-003
  5.414250902389702E-003
  4.866853249009065E-003
  4.553279909521994E-003
  4.034198385569039E-003
  3.799657008671671E-003
  3.890364123828767E-003
  4.255537576422530E-003
  5.562894646698372E-003
  4.584744393161147E-003
  4.686815541559474E-003
  4.526124022548297E-003
  5.374165435596207E-003
  5.103050237965812E-003
  5.119836707453361E-003
  5.457375827154272E-003
  6.182080096524048E-003
  5.805509757789549E-003
  5.256162334623716E-003
  4.849018666535494E-003
  4.234223794272461E-003
  5.375100904000755E-003
  7.639562540330063E-003
  7.105063017888510E-003
  5.486517593517985E-003
  4.663034096567152E-003
  5.456991121771159E-003
  6.356628614600916E-003
  7.275668568739677E-003
  8.785997895371069E-003
  1.860538648086404E-002
  0.254447732955221     
  0.325103022240891     
  0.393751548845693     
  0.353701957884919     
  2.930715111842399E-002
  1.475565420070078E-002
  1.743533537737459E-002
  1.480063257525747E-002
  1.366839910734791E-002
  1.260961412997860E-002
  1.341649021339376E-002
  1.456055548814381E-002
  1.436337686704408E-002
  1.368938106739341E-002
  1.285112037719974E-002
  1.532935781819388E-002
  3.331321303823057E-002
  3.480985872588802E-002
  2.923551927454644E-002
  2.318380502432348E-002
  1.945023436656750E-002
  1.835993292571777E-002
  1.790420218457617E-002
  1.662537783377963E-002
  1.416377346841700E-002
  1.230547656100122E-002
  1.098821932428025E-002
  1.004368914186718E-002
  9.555377535417884E-003
  8.544245438478201E-003
  7.644214136686160E-003
  6.911558067869287E-003
  6.037737837742201E-003
  5.189264736715999E-003
  4.543594810606681E-003
  4.137860614447988E-003
  3.863565149428751E-003
  3.906751919057082E-003
  3.922163021053087E-003
  4.095817298320936E-003
  4.218956943532494E-003
  4.554981022392222E-003
  4.907316851914354E-003
  4.598488174652142E-003
  4.452296152115899E-003
  5.161607537602218E-003
  5.262849863367841E-003
  4.895803456054016E-003
  4.642137856828939E-003
  4.919986041978597E-003
  5.215403371349982E-003
  4.933137937830345E-003
  4.236945074181503E-003
  3.559514728397644E-003
  4.419233935047873E-003
  7.358309425613776E-003
  1.016026692452331E-002
  7.975535215836799E-003
  7.574470440527194E-003
  8.214890813141971E-003
  1.005216802236832E-002
  9.655435591410008E-003
  1.025414469558803E-002
  1.344303475653890E-002
  0.151482529670748     
  0.227445112389099     
  0.330960043058019     
  0.403042140334241     
  0.147611632869818     
  1.501087634125083E-002
  1.453315194560989E-002
  1.423509793104788E-002
  1.441458509081450E-002
  1.312961807933075E-002
  1.266851552356016E-002
  1.329206272954253E-002
  1.449520094664588E-002
  1.386006382657170E-002
  1.240828476174208E-002
  1.026971437325988E-002
  1.353233499492301E-002
  1.714434764027025E-002
  1.787876942891740E-002
  1.688644397035141E-002
  1.695852321900117E-002
  1.577494318714022E-002
  1.606194794512819E-002
  1.476962827087727E-002
  1.313921294474469E-002
  1.147371133567651E-002
  1.058825277500563E-002
  9.522317055116615E-003
  8.819643837792801E-003
  8.260293758135362E-003
  7.550958486279030E-003
  6.718023369494162E-003
  5.973813280537322E-003
  5.220285081994712E-003
  4.466570746881910E-003
  4.091892488036808E-003
  4.007515460941209E-003
  3.940106941750350E-003
  3.921207242852497E-003
  4.020543132590483E-003
  4.378612383055616E-003
  4.494371298726983E-003
  4.330572508917483E-003
  4.368160518331698E-003
  4.652613351545983E-003
  5.010603716563192E-003
  4.868409902407543E-003
  4.511230203011053E-003
  4.301230549278560E-003
  4.100072684311823E-003
  4.149819079630696E-003
  3.915065804553875E-003
  3.236499326044651E-003
  3.809030342528467E-003
  9.995112901751499E-003
  1.924774199163586E-002
  1.950641108606463E-002
  1.603085646062540E-002
  1.518649220125092E-002
  1.864099471806116E-002
  2.046629449749286E-002
  1.625482208363762E-002
  1.858623282250415E-002
  2.560976217772803E-002
  7.480713848675485E-002
  0.107495600975062     
  0.327991909851900     
  0.363962540633845     
  3.661453288006677E-002
  1.426542347700213E-002
  1.381037885947838E-002
  1.441353643673307E-002
  1.381805476887110E-002
  1.255020920827775E-002
  1.273907584177012E-002
  1.268331934855283E-002
  1.329930502668927E-002
  1.213543804253920E-002
  1.041043944245587E-002
  9.194330872487983E-003
  9.518373495472403E-003
  1.038590330416008E-002
  1.043060006056125E-002
  1.073751190480466E-002
  1.033966420263924E-002
  1.109168949584777E-002
  1.288860475213215E-002
  1.192828542434422E-002
  1.079774150209154E-002
  1.028197154020120E-002
  9.558450900758221E-003
  8.497676648391694E-003
  7.943034198912258E-003
  7.332965815456409E-003
  6.506521183019609E-003
  5.633833255016664E-003
  5.042027501168752E-003
  4.629970165329732E-003
  4.313655039359987E-003
  4.166131358121768E-003
  4.133488016548778E-003
  4.121778480696147E-003
  4.205771486830581E-003
  4.187945371723698E-003
  4.430306462590871E-003
  4.401154882316666E-003
  4.292683383461637E-003
  4.464335620281333E-003
  4.683366187013432E-003
  4.794593367361430E-003
  4.683512269375230E-003
  4.462089773881166E-003
  4.029735856840368E-003
  3.638473270000272E-003
  3.547738905171363E-003
  3.339735689970651E-003
  5.322366680628379E-003
  3.907998285740968E-002
  9.834167480357872E-002
  0.110424075074783     
  6.990598229532570E-002
  4.491429196577976E-002
  8.765149257021460E-002
  0.100620784691896     
  7.342755276191870E-002
  3.512863357431611E-002
  2.480513722666560E-002
  2.754475023625970E-002
  0.172901305544313     
  0.348502092350100     
  0.106868257571814     
  1.414421423189189E-002
  1.426459799891903E-002
  1.372141713829905E-002
  1.403709918414944E-002
  1.336468391066719E-002
  1.321359606050721E-002
  1.289308965696454E-002
  1.267074631774021E-002
  1.114673862203933E-002
  9.371233349167861E-003
  8.755535282564977E-003
  9.311033792317977E-003
  9.169679207685570E-003
  8.904476237475967E-003
  8.953963380965792E-003
  8.916908254062621E-003
  9.944281638343230E-003
  1.032024123257975E-002
  9.755450868835043E-003
  9.611647866317801E-003
  8.847028183711338E-003
  7.936056294131905E-003
  7.160636477116724E-003
  6.427963537108972E-003
  5.656186192586512E-003
  5.112476453654100E-003
  4.828376998004249E-003
  4.533363049378387E-003
  4.359852702859951E-003
  4.321565288883064E-003
  4.300480957005562E-003
  4.437036983970142E-003
  4.328899793287231E-003
  4.690903974253177E-003
  4.447048833391714E-003
  4.237386659778786E-003
  4.283608598359672E-003
  4.554529873164461E-003
  4.811943649296322E-003
  5.238091914927532E-003
  4.486168446285288E-003
  3.578403279412561E-003
  3.378109186107522E-003
  3.437604675285579E-003
  7.999377381004756E-003
  0.123738928562961     
  0.320823299559946     
  0.252038637942366     
  0.176087878743901     
  0.190766149682937     
  0.201129409145230     
  0.142800646298478     
  9.730020179679379E-002
  3.623208247905080E-002
  2.087007872731014E-002
  3.171599534332787E-002
  0.170352866113190     
  0.271879745068792     
  1.790412612656183E-002
  1.433868805472543E-002
  1.277837272691798E-002
  1.378447881796245E-002
  1.324598581983753E-002
  1.328134163506769E-002
  1.311512193956181E-002
  1.210058807534701E-002
  1.071021560246459E-002
  8.858812390603219E-003
  8.988457160595291E-003
  8.645537277170478E-003
  8.376001096876478E-003
  8.342883094398929E-003
  8.379075625203368E-003
  8.709517677581637E-003
  8.814103595437417E-003
  9.001600936945247E-003
  8.813661033601402E-003
  8.143149373646600E-003
  7.312809587068346E-003
  6.393270625765753E-003
  5.685169369801652E-003
  5.259736993884019E-003
  5.011019754880490E-003
  4.756749792977120E-003
  4.622190985669680E-003
  4.562913155802549E-003
  4.493663103096278E-003
  4.524439286557007E-003
  4.515344314229748E-003
  4.845976567735088E-003
  4.336471606544813E-003
  4.107041473916899E-003
  4.116869149860937E-003
  4.445650053815350E-003
  5.083232382479185E-003
  5.040323500786460E-003
  3.825053344816694E-003
  3.282256891282332E-003
  3.081811633222444E-003
  5.748992408326242E-003
  9.973205843685937E-002
  0.359545073851983     
  0.396733136707177     
  0.386035969995331     
  0.384098247212517     
  0.253730157705937     
  0.162395676321520     
  0.103412887552663     
  3.078899764536885E-002
  2.008316861661539E-002
  5.046816557312592E-002
  0.347871125864369     
  6.942280608675448E-002
  1.451275752769307E-002
  1.302190468047040E-002
  1.247372819397877E-002
  1.361508474806499E-002
  1.340090062914770E-002
  1.346111419153628E-002
  1.226994179116250E-002
  1.064855699240342E-002
  9.016536731360254E-003
  8.491221046539833E-003
  8.155270740039168E-003
  8.174080444972205E-003
  8.082406262026649E-003
  8.252081117932771E-003
  8.166554152072363E-003
  8.344957593296010E-003
  8.225425567812080E-003
  7.470133371973448E-003
  6.670527874119632E-003
  5.881547277125216E-003
  5.413859526396353E-003
  5.200370696382919E-003
  4.923264940151839E-003
  4.790755284579860E-003
  4.701129298598462E-003
  4.572817405231314E-003
  4.557484401718195E-003
  4.699283011890568E-003
  4.805070323150718E-003
  4.158414957996251E-003
  4.009900186280057E-003
  4.146848727415040E-003
  4.411571991571294E-003
  4.864937006668151E-003
  4.147236623431525E-003
  3.354204759629630E-003
  3.141180323024672E-003
  3.758778493142004E-003
  3.637680165349513E-002
  0.206216578607664     
  0.438151762961138     
  0.439444887653823     
  0.418201924991109     
  0.261620650126139     
  0.183102332171714     
  9.569061447592518E-002
  2.108532931287299E-002
  2.639532138033010E-002
  0.309105345325189     
  0.257928651936911     
  2.871269151574419E-002
  1.379330647831185E-002
  1.236548087510526E-002
  1.454748231398601E-002
  1.420459697848637E-002
  1.362378479937246E-002
  1.255552807310106E-002
  1.021052249278527E-002
  9.042266018529284E-003
  8.178025084313850E-003
  8.087835433530420E-003
  8.024964261325391E-003
  7.983033221882617E-003
  7.789787667377956E-003
  7.826527012312956E-003
  7.620383218457778E-003
  6.854540782140690E-003
  6.283503578833110E-003
  5.778029656129604E-003
  5.395914986324641E-003
  5.203334300024713E-003
  4.971448944437282E-003
  4.951538562878059E-003
  4.782136049905997E-003
  4.631124365127689E-003
  4.823840777270832E-003
  4.650778644246604E-003
  4.044338498287742E-003
  3.935197725726193E-003
  4.036152908701943E-003
  4.208685398748953E-003
  4.125313529443054E-003
  3.655888616220474E-003
  3.360815575588930E-003
  3.316841869956299E-003
  9.507278996405423E-003
  0.141848058603015     
  0.452334087223915     
  0.455448630420127     
  0.431342158231834     
  0.374296975169651     
  0.184577220316758     
  3.953053047398691E-002
  1.804408149793082E-002
  0.138421177226938     
  0.401434906754620     
  0.118067603541186     
  1.592865112583269E-002
  1.288385214390409E-002
  1.622952689516888E-002
  1.569065247338389E-002
  1.383098556964034E-002
  1.252376461200363E-002
  9.801132023939641E-003
  9.144485894852766E-003
  8.120054838324106E-003
  8.124575762978667E-003
  7.940322134516335E-003
  7.737069312680048E-003
  7.655122220032594E-003
  7.407119043132900E-003
  6.840294959379553E-003
  6.139172711768131E-003
  5.731719953427149E-003
  5.424626114323625E-003
  5.256081371458913E-003
  5.147299986590929E-003
  5.574201199707624E-003
  5.030626518732351E-003
  4.924490792026141E-003
  4.295105055968663E-003
  3.808066914168153E-003
  3.676431413519885E-003
  3.832666414306892E-003
  3.862242595658025E-003
  3.927761097432649E-003
  3.639976067197234E-003
  3.464406987241558E-003
  7.079632435063871E-003
  0.134145589102337     
  0.461091240524611     
  0.465731933915467     
  0.441619862183226     
  0.391573170174763     
  0.152486603123964     
  2.043536277712819E-002
  5.439625384866605E-002
  0.384776003430895     
  0.338976874534586     
  5.682689246277819E-002
  1.919492308879682E-002
  2.626509668135710E-002
  1.968921662564470E-002
  1.576829162753514E-002
  1.302843049952256E-002
  1.026949860290331E-002
  8.969895440087446E-003
  8.434264806466833E-003
  8.181767642980346E-003
  7.956128738491703E-003
  8.407199124047868E-003
  8.430095554612643E-003
  6.964709866107304E-003
  6.296717632851822E-003
  5.947719486801905E-003
  5.584560719695461E-003
  5.634872166307560E-003
  6.731216798808870E-003
  5.194676120652531E-003
  4.942397411204093E-003
  4.010934193805141E-003
  3.613782351436218E-003
  3.399244025636464E-003
  3.447938841850320E-003
  3.659062522164380E-003
  3.754710076005809E-003
  3.551802567814732E-003
  6.710019241666094E-003
  0.129336578503300     
  0.466309449384272     
  0.471970857711843     
  0.449465344597624     
  0.376024702069652     
  4.838145552658159E-002
  3.413411332934876E-002
  0.353756918193896     
  0.388136796770464     
  0.292189689500458     
  9.987255153938350E-002
  6.920815123247379E-002
  3.127562708874147E-002
  2.122579119994081E-002
  1.465511745129477E-002
  1.207869005053422E-002
  9.582336181057071E-003
  8.635372148187433E-003
  8.795820368550917E-003
  9.213682392910216E-003
  8.657658359186689E-003
  7.463392155117952E-003
  6.619829622054711E-003
  6.301801816714393E-003
  6.032642195716051E-003
  6.739563860073849E-003
  5.271879810254155E-003
  4.779948286673079E-003
  3.779898217336910E-003
  3.492976322925851E-003
  3.341599501076043E-003
  3.692622092543946E-003
  3.781498377179967E-003
  3.624098366282781E-003
  6.307716622925013E-003
  0.124055628417021     
  0.469402070306339     
  0.475515537928089     
  0.450290033651222     
  0.189336951126543     
  2.866524610191117E-002
  0.312465001797664     
  0.378752708226832     
  0.371768287446894     
  0.297387236470363     
  0.105693792633436     
  4.955247697147407E-002
  2.811498948699482E-002
  1.834026290392387E-002
  1.348540046168766E-002
  1.289858513259798E-002
  1.017527034295743E-002
  9.846696498776876E-003
  9.637807427219142E-003
  8.181615810616827E-003
  7.258013703921880E-003
  7.063823722585181E-003
  6.680310690141728E-003
  4.755766812818494E-003
  4.295615561405126E-003
  3.631903819204146E-003
  3.411401777256521E-003
  3.454219088005233E-003
  3.839694161907417E-003
  3.831842357134652E-003
  5.448140619781447E-003
  0.107000908519361     
  0.429719144398661     
  0.475472446306742     
  0.414687487958118     
  9.070392391974251E-002
  0.303172906461568     
  0.352416936209299     
  0.377992973071115     
  0.278913702679907     
  9.365865091004717E-002
  5.488759782157008E-002
  2.940786076652558E-002
  1.975510573043292E-002
  1.715622178017820E-002
  1.179778712210167E-002
  1.204138413712232E-002
  1.174789807248460E-002
  8.427494278453650E-003
  7.350472745109443E-003
  6.275839190280695E-003
  4.365744637240284E-003
  3.983686962875287E-003
  3.567433626144429E-003
  3.429990256054947E-003
  3.743464919569871E-003
  3.978668913853105E-003
  4.704495560780963E-003
  8.516696085909242E-002
  0.419105257507634     
  0.465267807130877     
  0.218897473839661     
  0.321672722518784     
  0.376414928406890     
  0.346192786975617     
  0.174967710327482     
  9.317566878034277E-002
  4.980886002565350E-002
  2.392532823189544E-002
  1.892899203723118E-002
  1.272496695274641E-002
  1.213321150563896E-002
  1.143514743814459E-002
  9.406400072496407E-003
  5.273120524510046E-003
  4.048000509637498E-003
  3.807553630427880E-003
  3.597622263826195E-003
  3.577571258292583E-003
  3.801527519717810E-003
  4.459312541052784E-003
  5.346271401364340E-002
  0.390137458419617     
  0.459012961334506     
  0.406431978097528     
  0.280580944341425     
  0.227318799357026     
  0.157350652313177     
  0.141343999032496     
  3.740764136073774E-002
  2.242692887478661E-002
  1.601492309178848E-002
  1.469715235327222E-002
  1.222781130624529E-002
  6.090147364986708E-003
  3.984521169972445E-003
  3.748235584732985E-003
  3.881157351586130E-003
  3.707997563386346E-003
  4.340133191933991E-003
  1.671873734773629E-002
  0.382034762634312     
  0.467291444565787     
  0.305777874524594     
  0.205716422019187     
  0.189126621233052     
  0.113056337584398     
  3.205512178664460E-002
  2.142454328503865E-002
  2.025994571634114E-002
  1.058041625312773E-002
  4.693141528618722E-003
  3.791187289014843E-003
  4.249734220774469E-003
  4.600559627476263E-003
  9.270559623363797E-003
  0.381333630010069     
  0.404729864973146     
  0.271711349712777     
  0.266085846052575     
  6.429561911177389E-002
  3.421951667256751E-002
  2.745564271581898E-002
  1.058882329667489E-002
  4.273873763726922E-003
  6.741468739973186E-003
  9.322462514246795E-003
  0.373671305400295     
  0.368071834049975     
  0.165623466113476     
  6.176620440057882E-002
  3.060920643203736E-002
  7.724533327408118E-003
  1.034825616203047E-002
  0.332683376850175     
  0.141262649076022     
  2.607902127566265E-002
