  8.542007317126806E-003
  1.598554384818226E-002
  8.105382678507786E-003
  4.987936821658190E-003
  7.802335534241629E-003
  7.874397181274924E-003
  5.817526267218338E-003
  6.311298593671626E-003
  7.513641967577687E-003
  7.852760187389292E-003
  7.724176951381449E-003
  7.116400449712665E-003
  0.128758260720682     
  6.489877048905641E-003
  5.194776447876264E-003
  0.374398694127893     
  6.464097607676255E-003
  5.537441944112206E-003
  0.174678023629542     
  9.470583310154575E-003
  5.065049786608313E-003
  1.536644646153532E-002
  1.132197420252469E-002
  1.448351511741955E-002
  4.926024883537656E-003
  1.284237275669245E-002
  1.516706147457310E-002
  4.591063262969750E-003
  1.452420497309930E-002
  1.143192965595959E-002
  4.109129453759562E-003
  1.318207513738404E-002
  4.570808659392071E-002
  3.747085230443935E-003
  2.204470751894070E-002
  1.472417945814130E-002
  3.881444424474449E-003
  3.281966358480682E-002
  6.796006411808071E-002
  3.500737348783906E-003
  2.075817192703184E-002
  0.241008663819548     
  2.642466312153425E-002
  0.467517127077768     
  2.786320346865025E-002
  1.833117926325146E-002
  0.422052557086976     
  5.734147008136842E-002
  1.566902089319141E-002
  4.299559548209267E-002
  5.063134353157727E-002
  1.162505462640308E-002
  0.286250309614159     
  3.115071658537089E-002
  0.105027078012686     
  9.764135020261357E-003
  2.621017561237936E-002
  1.879592785940287E-002
  2.072247246352888E-002
  8.077003168471550E-003
  1.722089939152192E-002
  1.298274083256164E-002
  6.492269949830412E-003
  1.112953378290831E-002
  1.055824591926731E-002
  4.788476110546763E-003
  8.525413544795170E-003
  9.450310995959037E-003
  3.988375579842649E-003
  7.812084546129005E-003
  7.954536919080388E-003
  3.839478950312650E-003
  8.428643341078628E-003
  4.427521001085303E-003
  6.379544885602339E-003
  6.633394450136217E-003
  4.607584848735237E-003
  5.073755229597927E-003
  4.966767995687666E-003
  5.604989196255455E-003
  3.570127300115666E-003
  3.224540508407090E-003
  4.679356348827167E-003
  6.307630807625795E-003
  6.380928039536024E-003
  4.105844790208930E-003
  4.952493939332774E-003
  7.150385054870785E-003
  4.071147599685641E-003
  3.638877741473388E-003
  7.106785963436090E-003
  3.280534702172118E-003
  3.427203201481166E-003
  1.182144976522667E-002
  1.430475474227104E-002
  3.795668039821926E-003
  1.781155964258829E-002
  9.902993442744987E-003
  2.237256342793066E-002
  1.680299079710188E-002
  6.307863299372256E-003
  0.475901856977159     
  1.841270683519395E-002
  6.190864188508842E-003
  0.412445256194960     
  6.025020491555937E-003
  2.041809509516344E-002
  7.133974218645235E-002
  4.881494945016482E-003
  0.376038333953057     
  5.601663483438980E-002
  5.747095072850951E-003
  0.158685408151392     
  0.390509601688262     
  6.752599743667883E-003
  3.821795761430021E-002
  1.528439386724968E-002
  1.637828951667666E-002
  2.728176088739621E-002
  1.208302069189763E-002
  1.338281031545653E-002
  1.042577357236029E-002
  3.484880206332649E-002
  1.270327121422786E-002
  9.999992987388032E-003
  1.580718047485105E-002
  1.294943560886807E-002
  7.707299581247651E-003
  6.399414424452139E-002
  9.430947099472516E-003
  6.914203252857861E-003
  2.494230522232683E-002
  1.001149935340567E-002
  4.347554209521677E-003
  1.503685384460515E-002
  3.498492685912548E-003
  1.041367452128689E-002
  1.847096321622894E-002
  3.910706838182587E-003
  2.461458561424451E-002
  1.047819351003114E-002
  1.043113472765119E-002
  3.530261081642780E-002
  1.256192588761595E-002
  0.433580481400843     
  0.144593602017094     
  0.165478042130037     
  1.045287182845420E-002
  0.359137948616014     
  3.126398333426789E-002
  8.936274534388024E-003
  0.135986355753310     
  2.192907648403295E-002
  3.029033677272355E-002
  1.938329575597366E-002
  7.694690740583886E-003
  1.818613171785220E-002
  1.553516133143888E-002
  6.032166380862756E-003
  1.216121995285945E-002
  1.103343454284505E-002
  8.524603779473491E-003
  4.842483687673375E-003
  3.890361472202110E-003
  9.516940666458442E-003
  4.201310666866964E-003
  3.868626918224156E-003
  8.207866030077220E-003
  6.123886050174483E-003
  4.096035049478063E-003
  0.468932693427416     
  6.693488365801220E-003
  4.232016728872840E-003
  0.231742021958204     
  5.619303376085006E-003
  4.719263746895527E-003
  0.206739513081248     
  4.051999596167977E-003
  4.286329056505829E-003
  2.456018353253679E-002
  4.341908658808676E-003
  4.636497916430910E-003
  1.632514795280156E-002
  4.333199004306913E-003
  3.871227489679783E-003
  4.937072486020831E-003
  7.187693274643311E-003
  4.609454796228881E-003
  3.450997558219576E-003
  0.391977264791057     
  6.092424674746823E-003
  4.373821992927498E-003
  9.421840101861073E-002
  7.992531328864813E-003
  0.274029683988071     
  1.119074139524255E-002
  0.186582981083007     
  7.420903721372725E-003
  0.198878495825681     
  5.632002645033837E-003
  5.457506958577235E-003
  0.112153630763600     
  5.039994429255935E-003
  2.588310513705491E-002
  5.137680848707691E-003
  6.169804268295837E-002
  5.875019384710641E-003
  6.777623886036464E-002
  7.202665448875685E-003
  1.230097728986811E-002
  1.296812653620837E-002
  0.211001604951810     
  1.315138600441722E-002
  0.354118065233336     
  1.128362664281797E-002
  1.514907739230661E-002
  8.700401573747348E-003
  2.094116242692519E-002
  8.432077148814138E-003
  1.334573825350335E-002
  1.431529728604189E-002
  8.271734905239199E-003
  1.427965906778366E-002
  8.761434787848065E-003
  1.935713449142198E-002
  9.004422914786441E-003
  0.188170584010292     
  7.698932789958178E-003
  4.097458296783983E-002
  2.172817587017166E-002
  5.984398287441653E-003
  2.004867308341002E-002
  1.744168812473859E-002
  5.175301171795119E-003
  1.204004695593596E-002
  4.673653805838848E-003
  9.957673325871401E-003
  4.565580121288417E-003
  4.487013751115386E-003
  8.058713920604312E-003
  4.400177454620312E-003
  6.835339672974863E-003
  4.029766594428859E-003
  5.406593419755005E-003
  4.723488703644908E-003
  4.454269907970944E-003
  3.669161471523083E-003
  3.677476055462404E-003
  3.082674456034345E-003
  4.274920993327686E-003
  0.116884363580588     
  5.505283873527310E-003
  0.443745167865198     
  4.387640075447501E-003
  0.390938752010227     
  5.261790772019868E-003
  0.142169901920785     
  5.315162021435239E-003
  1.808923644934949E-002
  5.963485490056341E-003
  0.368724262159439     
  4.840407963522009E-003
  1.595273408080311E-002
  4.577069132312922E-003
  1.232422255245053E-002
  1.401098094641622E-002
  1.143540563780522E-002
  8.547082648881425E-003
